1.139562
-5.514574
-1.173898
13.161629
-0.507955
8.817389
-10.862300
-1.546984
1.763375
-1.931183
2.369379
10.665101
3.956021
5.242177
2.523608
10.800353
2.072450
0.339938
9.602855
0.861241
-1.884868
12.364569
1.609589
3.850232
-0.913465
-9.681462
-1.453721
-1.230204
-1.010872
3.204314
-8.584608
-3.377599
5.825379
3.024365
-0.780602
-1.589484
-5.402243
-3.218839
1.960765
4.136609
-3.691269
-1.522831
-0.358038
-9.196851
-8.039232
5.114858
6.265458
-1.587395
-8.443661
-6.303302
5.833720
1.967445
4.097910
1.225155
-6.650782
2.470137
12.587952
7.702700
-1.185580
8.923151
3.028932
5.131800
1.231795
13.328955
9.423319
4.514925
5.603811
-2.309983
10.773581
11.854542
11.932938
15.008807
17.082188
24.153121
22.221642
26.287792
16.351608
19.413129
23.472394
28.529441
25.584309
21.637037
37.687662
21.736224
27.782761
20.827311
22.869914
30.910608
17.949431
14.986422
20.021619
1.055062
11.086788
10.116836
7.145246
-1.827946
8.197301
10.221024
-10.756738
6.264054
-1.716562
2.295883
2.304509
-6.690542
-4.689144
4.308814
-4.694751
-11.698904
-6.703477
1.291682
-0.713283
-3.718244
-6.723083
-8.727694
6.268016
-3.735871
-6.739286
2.257830
-3.744477
-7.746173
-2.747233
-4.730108
0.288239
0.307763
1.328403
6.350085
1.372724
-3.601974
-1.573445
-7.541714
-4.506817
5.531198
2.572274
-7.383659
4.663321
-2.286529
-3.233141
2.822455
-3.120222
-5.061228
1.999370
5.061492
11.125049
10.189941
0.256054
11.323268
4.391447
9.460446
14.527385
13.591937
11.654087
16.713464
12.770389
27.824849
16.876814
22.926241
24.973071
36.017231
30.058633
25.097173
18.132733
14.165178
24.192850
14.217687
25.239547
22.258273
14.273694
12.285626
14.293868
26.302931
18.314316
7.328036
13.342474
18.357357
11.372750
0.388709
13.405282
2.422503
4.440402
8.458970
-8.522640
10.495609
0.513740
8.532149
6.551942
6.572909
7.594924
1.618037
9.642286
-0.332301
10.694292
0.722073
2.751039
13.781175
9.812457
1.844851
-1.121689
1.910850
-1.056693
-1.024259
9.008195
16.040706
3.073496
-4.893374
8.140106
4.173932
2.208092
9.242560
-1.722699
-0.687735
10.347394
3.382616
1.417849
8.452998
11.487956
7.522607
5.556172
-0.415139
7.605709
10.618854
14.624411
-11.377520
-4.386860
10.596452
4.572457
6.541180
1.502623
11.456709
-4.596655
8.342482
4.275419
-6.796207
5.127678
11.047640
4.963749
-2.123943
8.784605
4.689420
4.583110
-2.537406
4.328776
11.182476
-1.975567
5.855320
-2.324255
9.486261
-2.712633
3.079512
-8.136901
2.638489
1.406000
6.165909
-9.081542
7.663849
-4.597648
-2.859449
-1.121152
5.617620
-4.643998
-2.906218
10.831430
2.569385
-4.691945
-0.952178
-0.210962
-8.467968
-1.722893
-9.975460
-1.225413
-3.472520
-0.716571
4.042623
-9.194772
-0.428608
-10.658760
-5.885121
-7.106729
-8.322393
-8.531985
-6.735390
-0.932517
3.876714
-3.307639
-2.485534
1.343055
2.178135
-1.980302
1.867716
-1.277852
-0.417067
-4.550005
-9.676761
-5.797444
-5.912183
-3.021121
-2.124422
-8.222263
3.690637
-5.385536
5.549242
4.494987
5.451703
13.419382
6.398009
15.387557
9.386656
17.392037
16.404814
9.425186
5.453336
24.489434
10.533635
6.586078
4.646890
8.716180
14.794045
25.880569
13.975819
12.079849
9.192699
22.314395
1.444948
10.584356
7.732602
2.889656
10.055473
-3.772351
-3.594701
16.588512
11.777363
3.971902
2.172163
9.378160
7.589886
10.804490
7.021894
10.242243
10.465655
14.692219
8.921997
15.155023
25.391303
32.630819
15.873523
25.119343
9.368178
19.619903
16.874366
19.131385
14.393956
28.662681
28.937548
30.219036
27.507121
37.801762
69.102901
71.410463
83.724356
74.044471
112.370684
144.702851
168.040814
207.383880
224.732324
257.085938
227.444492
213.807742
197.175427
126.547266
122.922963
69.302204
55.684656
44.069969
26.459479
19.853255
13.251020
7.652481
8.057332
6.466231
10.879319
-2.703668
-1.282138
-3.856357
6.573394
4.006822
1.443621
-9.116529
10.324799
12.765799
29.206219
13.643326
7.076227
2.504801
9.928906
1.348372
-11.238180
8.169080
-3.430038
8.966418
-6.641421
-1.253662
7.129575
6.508146
-3.118107
5.250637
6.614183
3.972316
7.324802
4.671391
-3.988188
-1.654225
-0.327026
7.993080
6.305746
13.610606
11.907273
2.195340
-1.525430
7.746031
-3.987503
12.273762
10.529608
21.779803
20.024106
30.261215
40.489617
35.709404
42.920580
37.123021
43.316594
34.500733
34.668983
20.821482
23.958340
21.079643
18.185449
13.275794
22.350687
12.410116
9.461823
10.509757
11.554003
15.591126
14.620793
2.643460
-3.340438
2.669514
8.673708
-1.327483
9.666291
2.655362
-0.359962
5.620611
-4.402651
-0.429497
4.540306
0.506968
-3.528827
-3.564614
7.398987
-4.636881
3.328220
-2.705293
-8.737471
-9.769001
-11.799392
-7.828178
-8.854924
-0.879223
-6.900690
-0.918968
-9.933721
-6.944636
-2.951424
-6.953814
-5.951558
-0.944426
-0.932211
-6.914721
8.108215
-4.863248
-2.828976
-1.788850
-2.742769
2.309351
1.367577
-7.568038
1.502538
3.579326
-2.337672
-6.248469
-0.153093
1.948412
2.055987
0.169556
0.289031
2.414306
1.545261
9.681761
2.823656
5.970781
8.122956
4.279984
13.441656
2.607746
4.778013
6.953601
6.136034
9.325175
0.520878
12.722984
-8.068677
7.145713
6.365962
17.591864
10.823206
16.059759
11.301286
5.547536
7.798248
11.053149
27.310334
22.569234
26.829616
22.091234
19.353828
27.617125
25.883299
22.153150
25.426518
20.703231
13.980647
17.253385
27.521749
20.785201
22.045608
18.302438
29.555138
26.804246
21.050259
27.293637
13.534809
23.774170
13.012083
26.248883
20.484878
14.720348
24.957318
18.196196
20.437263
20.680781
20.926989
24.176105
21.428326
11.683829
5.942773
13.205295
12.471515
7.741534
5.015434
-0.706719
12.575121
13.858971
14.144475
9.431805
2.721112
6.012519
13.306126
5.602012
5.900230
10.200810
1.503764
3.809078
6.116720
9.426634
3.738745
7.052956
3.369151
-2.312808
-1.993078
2.328163
-5.349284
-7.025637
5.298865
-0.376938
-1.053436
1.269116
5.590439
1.911539
-2.766243
0.556927
-8.116545
-7.785960
-2.451392
-10.112924
5.229348
-8.424682
-3.075135
1.275857
0.625827
-8.025111
-12.676865
-3.329365
-4.982562
13.363574
-7.290950
2.053857
-0.602037
0.741321
-0.916139
6.425498
-0.233875
4.105621
11.443844
10.780635
10.115817
-4.551354
7.778435
6.105019
14.428214
8.747817
22.063602
7.375328
16.682731
14.985530
12.283424
4.576092
12.863193
16.144368
1.419238
14.687404
18.948822
30.209645
15.469716
13.728866
20.986919
13.244927
16.502749
21.760227
26.017196
17.273478
18.528774
8.782592
26.036491
18.291195
20.546657
13.802823
33.059632
26.317019
33.574910
33.833225
54.091876
30.350764
38.609786
34.868827
42.127763
28.386463
30.644785
27.902577
28.159749
30.418423
15.678459
13.939711
21.202886
15.467426
8.735419
16.008093
5.285384
0.567223
-2.146461
6.144256
6.439292
6.738562
1.041975
7.349243
1.658712
3.970349
-6.724804
-5.427842
1.861819
8.144727
-3.578609
7.692284
-5.042148
3.218504
-1.525376
0.726567
-1.025338
1.219210
9.460491
-1.301241
0.934246
1.167160
-9.602311
-3.374001
-2.147763
-4.923472
3.298977
-0.480329
2.738677
4.956043
-4.828201
1.385958
-0.401917
0.807441
1.014039
5.217866
1.418892
-2.383480
-1.189789
-4.000054
-0.814312
2.367377
3.544937
15.718269
1.887255
2.051758
2.211620
0.366664
3.516693
1.661489
4.800815
2.936117
-5.932428
-3.804991
5.315031
-10.574962
-1.474774
-5.384244
0.696748
-6.231707
-6.169556
-9.114189
3.940095
-12.006459
-6.952776
-1.897156
-1.839416
-2.779382
-2.716891
-3.651789
-4.583933
4.486807
3.560549
0.637400
-5.282547
-6.199210
5.887479
3.977574
-5.928882
-10.831861
-7.731344
5.372669
1.480170
-0.408865
-0.294470
-0.176695
-4.055601
3.068737
-3.803768
9.326784
12.460282
5.596598
3.737102
7.882239
6.031944
14.186139
8.342277
10.499656
13.658352
13.818425
17.979919
8.142863
18.307268
10.473133
15.640438
22.809151
15.980577
32.155842
27.334970
20.517974
21.704851
30.895586
20.090149
27.288498
26.490577
31.696316
25.905634
31.118435
24.334610
15.554036
22.776580
35.002092
21.230412
25.461329
23.693286
27.926142
15.159741
12.393914
15.630579
15.872190
11.118716
3.370115
8.626340
5.887331
5.153023
1.419037
3.685502
4.952001
6.217925
1.483440
2.747344
-0.990801
-1.730731
-2.472206
-0.215010
5.041049
-3.703282
-8.447298
-3.190832
-6.933736
2.324119
-3.417157
-3.157474
4.103242
4.365985
-8.369019
-2.101704
-5.832023
-1.559947
-6.285460
-5.008565
1.270718
-1.447643
3.836300
-3.877519
3.410818
7.701213
-2.006448
-5.712293
1.583533
-6.119130
-1.820459
0.479355
-1.219068
5.083837
-0.612004
3.693343
4.999798
5.307266
3.615635
3.924782
4.234565
3.544830
-3.145017
-1.836022
0.471671
-1.222099
4.082493
3.385257
8.684435
1.978282
5.266734
-11.452242
-5.176571
-7.906390
-2.641858
1.616849
-3.130468
-2.884030
-2.644076
-4.410870
4.815307
-3.966067
3.242661
0.441283
4.629562
7.807231
12.983369
0.159689
1.336260
2.512614
-0.311788
2.863503
2.038622
7.213692
3.388824
-4.435883
-10.260345
0.915512
3.091748
-3.731592
2.445527
1.623126
-3.198788
-1.020218
-0.841183
-6.661713
2.518149
-2.301654
0.878810
1.059459
-3.759801
-4.579077
-0.419577
-4.259995
2.899597
0.059118
6.218476
8.377601
4.536415
3.694892
4.852996
-0.989321
3.167883
-2.675460
5.480571
6.635159
7.788241
-0.060258
1.089578
-0.762349
-4.616146
-3.471931
-1.321892
4.828009
-1.022206
-2.872509
-1.722875
2.426719
2.576301
-6.274105
0.875527
-0.974778
-6.824996
-4.675100
2.474935
-3.374866
-6.224478
-1.073875
13.076968
4.228076
3.379474
-10.468812
-3.316756
7.835666
0.988479
-2.858291
-4.704618
8.449522
-2.395844
5.759307
-2.084998
-8.928735
-9.771877
-1.614400
-2.456278
1.702513
0.862000
2.022208
7.183161
2.344885
-5.492594
-2.329251
0.834938
0.000000
-1.834041
-4.667158
-1.499328
5.669477
4.839279
9.010106
5.181983
6.354934
5.528985
-3.295839
-5.119512
-0.942009
0.236695
-8.583375
2.597808
0.780267
-0.035972
5.149118
-7.664440
-0.476620
-1.287396
4.903257
0.095364
0.288950
-1.515959
1.680662
7.878839
4.078595
2.279958
-8.517048
-9.312397
-5.106065
-3.898025
-7.688253
0.523276
-3.263411
-6.048291
-4.831336
-1.612523
-10.391826
0.830781
-0.944677
1.281824
0.510311
2.740809
-4.026658
2.207937
2.444618
-8.316588
3.924342
-3.832566
7.412715
2.660208
-5.090060
-6.838065
3.416219
0.672818
-4.068244
