-2.351010
3.879253
13.107113
2.332573
3.555639
4.776315
0.994604
-4.789488
5.424042
7.635198
4.843985
9.050407
0.254468
9.456172
16.655524
13.852528
5.047188
1.239508
2.429493
7.617146
-2.197528
0.985476
-2.833840
-0.655469
0.520591
8.694345
8.865797
4.034952
5.201814
-3.633614
6.528674
2.688681
2.846412
-6.998130
9.155061
5.305987
3.454654
-5.398934
-2.254773
-9.112859
-0.973188
1.164245
-0.700556
2.432412
-1.436845
-0.308324
-0.182020
0.942071
1.063953
17.183631
-1.698892
9.416389
5.529477
-2.359622
9.749096
6.855634
19.959997
8.062189
2.162215
9.260078
8.355783
3.449334
8.540735
5.629990
8.717105
2.802082
6.884926
6.965642
16.044233
0.120704
13.195059
21.267302
21.337437
20.405470
26.471403
26.535241
34.596989
36.656650
36.714229
29.769730
25.823157
30.874515
30.923807
24.971038
30.016212
19.059334
19.100407
30.139436
23.176425
25.211378
25.244300
10.275194
10.304065
14.330917
13.355755
12.378582
4.399402
4.418221
3.435042
-0.550130
-0.537292
8.411671
4.357595
-4.699462
2.240549
-1.822339
4.111897
11.044027
-5.022922
8.911170
2.846411
0.782902
-1.278425
5.662750
6.606531
-4.446992
5.502270
4.454395
0.409454
-0.632490
-1.671380
7.278635
-1.767472
-0.809634
13.152207
8.118100
-10.911918
-1.937816
7.035827
4.008092
11.979279
-1.050329
3.919528
-0.110905
1.858596
8.828238
0.798210
6.768682
-0.260191
-5.288274
4.684553
1.658391
13.633327
15.609428
2.586747
0.565319
22.545163
19.526281
14.508660
6.492268
11.477059
4.462970
10.449920
12.437812
22.426533
15.415952
17.405924
25.396282
16.386846
13.377416
17.367775
27.357690
20.343969
17.328977
32.312409
28.293944
11.273238
16.252553
22.233273
19.215256
18.198351
10.182395
15.167212
10.152615
16.138405
10.124371
16.110290
13.095926
9.085698
15.079597
3.077547
4.079464
0.085259
0.094836
4.108092
4.124921
12.145207
7.164975
1.183340
8.200309
1.215877
13.230029
0.242737
11.253963
11.263655
-2.728247
-1.721935
3.281763
4.282784
2.283180
6.283168
5.282747
-2.718667
3.278290
5.276821
9.277055
9.279111
9.283096
15.289111
-6.705848
4.295357
6.293104
9.287752
7.279644
6.269105
0.256443
14.241949
6.225900
11.208554
-1.809847
4.170925
5.151080
7.130816
5.110311
8.089731
-1.930774
2.048929
3.028961
2.009424
15.990355
-1.029343
4.950441
1.929802
8.908383
16.886096
4.863016
5.839202
-1.185303
-3.210473
7.757572
-2.281478
3.672816
12.620855
3.563002
7.499585
11.430895
19.356714
-2.722835
5.192495
-7.897089
7.008590
10.909673
7.806267
-11.301552
-3.413742
-5.530294
6.348768
1.223388
12.093476
2.960117
-3.175696
-5.313975
-0.454760
0.401887
3.255875
-1.895371
5.946575
4.781865
3.610604
-1.567147
-2.746678
-1.926328
5.894210
-2.284787
9.536936
2.359606
-2.816573
0.010211
6.840339
0.674019
3.511435
-1.647248
6.198117
-1.952341
5.901485
-6.240312
1.622339
3.490226
3.364690
18.245824
-0.866296
-0.971608
0.929935
11.838365
6.753700
5.675942
6.605082
-0.460459
5.479221
9.424169
10.374414
-2.670030
6.290966
8.259257
11.234813
23.217687
9.207917
16.205523
17.209419
14.219186
-0.765133
12.256486
7.284053
6.317563
12.356993
10.402304
8.453443
16.510340
12.572909
11.641048
12.714639
2.793547
4.877622
11.966698
-0.939409
2.159100
3.262010
11.369086
6.480077
4.599545
-1.271339
7.867408
-5.985979
6.164451
0.318978
6.478348
12.643514
8.814743
12.992283
8.176364
14.367197
25.564976
18.769877
17.982060
2.201666
11.428820
3.663632
14.906193
6.156579
15.414852
25.681055
25.955216
33.236788
37.525192
34.820480
46.122686
55.431826
58.746994
90.068183
106.395418
125.728702
152.068019
179.413666
206.765244
206.122680
207.485882
199.854737
167.229115
128.608867
99.993825
69.383802
47.778591
34.177966
31.581683
21.989476
9.401061
-4.183866
-6.765630
-3.344579
-2.921078
-7.495516
9.931696
0.360125
5.789314
1.218783
-4.351973
7.076516
-5.496307
10.933026
0.365107
6.799651
9.236363
1.674933
2.114795
-1.444669
6.996210
1.437090
-5.122388
2.317404
-2.244316
6.189784
-0.380599
-3.955787
-9.536118
4.878051
8.286345
4.688368
1.083710
4.471938
5.852600
2.228483
-1.397484
-0.025482
1.344301
0.710864
12.072205
-7.571787
16.778513
4.122889
7.461214
8.793350
11.119148
22.437600
20.747798
35.049616
36.335503
34.604887
45.858178
37.094332
41.310991
34.508966
26.688970
21.851629
14.997495
24.127050
20.240714
20.338850
15.421893
17.490892
21.546106
12.594197
12.636301
11.672777
15.704553
14.732625
0.757330
14.778982
-1.201624
2.815938
7.831927
5.846583
2.860128
1.872764
0.884677
7.896034
-4.093015
0.915976
2.922643
5.927263
6.930085
-7.068664
0.931217
-2.070093
-1.072439
2.924315
9.920281
-3.081862
-1.080280
-4.074835
-9.065402
1.948189
0.967262
-2.008043
-4.977601
-9.940843
-1.897471
-10.847373
4.209551
4.273390
10.344217
-9.577905
5.507075
8.599194
3.698478
3.804938
5.918577
5.039383
4.167332
2.302388
-1.555496
7.593620
5.749664
4.912552
14.082188
4.258464
7.441262
10.630449
6.825088
8.025900
11.233021
12.446417
-3.333957
13.891840
7.123739
15.361657
14.605501
5.855164
1.110529
13.371466
8.637833
3.909476
5.186230
10.467917
2.754348
8.045322
16.340625
14.640033
18.943308
15.250200
14.560450
27.873782
15.189913
26.508545
24.829368
26.152059
17.476173
31.799145
29.120714
20.440604
23.758526
32.074177
20.375884
37.661322
25.933056
11.196115
30.451313
29.699387
31.941016
24.176816
35.407357
21.633157
34.854694
13.072401
26.286679
23.498134
23.707206
26.914207
21.119418
25.323093
17.526598
9.730652
23.935494
24.141338
31.348965
11.559208
10.772261
11.988299
14.207477
5.430882
6.658711
17.891099
9.128163
16.370002
2.616701
8.868326
11.124928
0.386543
3.653190
12.924873
17.201580
2.483284
12.769943
9.061499
9.357612
6.657659
1.961574
-1.730727
-8.419341
0.894686
2.210575
0.528276
1.847720
2.168821
3.491476
7.815347
4.139929
8.465092
2.790687
13.115093
-0.562898
-11.243330
3.073731
1.388195
3.699947
2.009108
2.315838
-1.380009
4.921396
-3.780137
-1.484822
7.807522
14.099063
7.389683
-7.320749
4.967615
7.254609
9.540050
7.823739
5.105459
9.384978
2.662046
9.936397
17.207749
10.475804
13.738509
19.994406
11.243315
16.485034
15.719340
12.945987
22.164704
14.375200
13.577161
15.771138
6.957636
15.136380
23.314871
10.494016
10.673740
5.855446
7.042020
25.233258
15.428980
15.629026
27.833230
16.041422
17.253473
22.469011
23.687922
14.910090
20.135395
18.363715
17.594922
26.828882
19.065457
24.304502
25.545863
18.789380
24.034886
29.282204
30.531151
29.781535
34.033154
21.285799
22.539253
19.794122
26.052111
28.314863
31.582339
26.853815
27.129262
26.408644
14.691918
22.980241
17.272329
16.568117
17.867024
6.167016
8.468109
3.770314
3.073631
6.378054
2.681257
7.977427
10.267004
7.550401
1.828002
0.100168
9.367233
-2.370493
-8.112723
0.140807
3.390341
-0.363901
-1.121718
0.117068
4.350931
10.579529
10.803161
7.022093
3.236567
-1.553203
3.652651
-7.146309
4.050132
-1.757839
15.429939
5.613598
8.794079
-2.027662
3.148516
11.322732
-1.504917
1.664623
-4.168835
5.994842
2.155763
0.314012
-5.530349
4.622715
1.773219
-5.078846
-8.933510
6.209173
2.349129
5.486263
2.620457
4.751573
5.879450
7.003909
-4.875253
-2.758258
9.354650
-3.536794
3.567123
-4.333907
-2.240213
2.847852
6.929916
-2.994419
-4.925572
-4.863986
-3.798189
-0.725389
-7.645841
-10.559770
-4.467318
-10.368611
-0.263767
3.847103
-5.036110
1.086490
3.214795
-6.651303
3.487537
10.628247
3.769738
2.912151
3.055281
-5.801880
6.340824
4.483536
7.626380
0.769470
-2.087098
1.056759
-0.798893
8.346001
3.491478
16.637564
16.784267
10.931585
11.079498
16.227974
14.374240
15.518352
17.660530
19.803178
7.946456
13.090510
23.235464
21.381426
16.528485
15.676714
11.826167
16.976883
10.128882
17.282169
17.436732
30.593522
19.753277
22.916009
25.081718
25.250387
19.421987
24.596475
25.773794
20.953872
25.136625
23.323481
21.514389
17.709321
10.908205
18.110906
22.317436
21.527795
34.741972
19.959941
13.181665
17.407093
15.636163
8.868801
7.104767
6.343482
7.582395
4.820804
7.058778
-2.703628
9.533618
0.770534
1.007119
-0.756647
0.479200
0.714607
-1.050217
2.187044
-4.572314
-4.328248
-2.080729
4.170259
-6.575981
-6.319466
-4.060190
-1.798158
3.466614
-8.265681
-4.994688
-0.720438
-5.444062
-2.168319
1.106667
-6.618970
-1.345095
-10.071594
-9.798374
-8.525359
-5.252495
10.020256
-2.706835
2.566245
-3.160512
-5.887128
-1.613648
1.659871
10.933349
8.206692
8.479029
2.749443
-4.982117
3.284280
2.548541
0.810556
-1.929810
-0.672708
0.580987
5.831045
5.077283
-2.680503
0.557461
-1.208184
1.023159
-3.748693
-4.523938
5.696903
0.914035
5.127200
-0.663881
-1.460226
-2.265449
-2.079627
-5.902871
-4.735314
-2.577123
-5.426060
-2.276019
2.873134
5.021534
-2.830728
-4.683577
2.463050
10.609202
-1.245085
1.900209
-2.954905
2.189565
-3.666397
-2.522825
0.622012
-7.231266
-7.082679
-8.932259
-4.780047
-3.626094
4.529873
-7.311551
-3.150434
0.013044
-7.821728
-5.655304
-7.489229
-8.324707
-6.161653
0.000000
-3.839694
-3.687542
-3.533512
2.622513
-7.219364
6.940952
2.103543
-4.731520
8.435826
1.605631
6.777934
2.952765
0.130141
-2.689928
0.492553
6.677573
0.865108
6.055122
1.247574
-3.557594
-7.360445
1.818426
-8.002236
-3.822423
-0.642123
-5.461328
-2.280027
1.901788
10.084127
-0.732999
-4.549582
-1.365611
3.818922
5.004028
0.189716
3.375996
-0.437123
-5.249631
-6.061518
-0.872775
-3.683392
-4.493360
3.697331
10.888691
1.080729
-1.726545
-4.533121
-0.338990
-2.144143
-3.948569
-2.752259
-8.555204
0.642607
-3.158817
-3.959467
3.240667
0.441594
0.643325
1.845869
-0.950764
1.253435
-2.541525
-8.335633
-9.128880
1.078743
2.287247
-6.503359
0.706934
0.918136
6.130257
7.343306
-1.442707
-0.227772
0.988120
-2.795021
-4.577186
4.641635
7.861452
0.082274
5.304111
2.526973
-2.249132
1.975808
8.201800
6.428856
0.656984
9.886195
0.116497
1.347901
6.580416
-4.185949
-1.951183
-3.715278
-9.478222
2.759992
-8.000625
2.239936
-8.518314
0.724633
-1.031213
-5.785842
-3.539244
-4.291410
-2.042331
4.208004
-4.540397
5.712477
1.966636
5.222088
6.478843
-1.263088
0.996303
3.257026
-0.480909
-3.217492
2.047286
4.313434
-2.419037
-7.150118
-3.879799
-2.608072
