-2.549092
2.746448
-1.959615
4.332709
-0.376588
1.912485
-4.800083
5.485701
8.769827
4.052286
-0.666931
3.612167
11.889570
3.165269
16.439257
1.711522
5.982057
6.250852
10.517898
8.783186
-4.953294
13.308451
0.568410
-7.173426
6.082935
-3.662517
1.590210
2.841105
0.090160
-0.662633
2.582715
3.826196
1.067800
3.307519
-0.454657
7.781263
-3.984729
-1.752643
-3.522489
-1.294274
-3.068009
-0.843703
-3.621363
2.598999
1.817376
9.033758
3.248137
8.460502
-2.329155
5.879157
7.085429
8.289651
9.491815
8.691911
11.889930
9.085864
9.279703
12.471437
15.661059
8.848558
9.033926
10.217153
16.398231
8.577150
-0.246099
12.928476
12.100864
11.271057
10.439047
10.604822
16.768376
13.929698
13.088779
31.245611
23.400184
23.552489
27.702517
35.850258
39.995705
32.138847
21.279676
23.418182
21.554357
25.688190
28.819674
20.948799
20.075556
30.199936
14.321929
22.441527
26.558721
17.673501
15.785858
14.895784
10.003268
6.108303
8.210878
12.310985
9.408615
6.503759
11.596407
8.671198
17.743371
-0.186917
9.880480
6.945697
-0.991145
1.070068
-2.870564
-8.812953
6.242982
0.297307
7.350080
2.401345
12.451139
-1.500515
-0.453846
4.591161
-0.365491
12.676192
-1.283809
1.745633
5.771187
14.792960
11.811040
10.825502
3.836401
11.843779
0.847661
0.848056
3.844958
4.838343
13.829683
7.819946
14.809177
5.797412
2.784672
12.770966
-0.243712
3.740622
6.723938
-0.293807
12.687331
12.667283
9.645967
9.623290
8.599144
9.573408
16.546429
10.515892
16.481667
22.442743
16.399142
19.350869
17.297911
23.241706
18.182878
27.121464
31.057484
22.990948
26.921850
22.850169
22.776319
24.699699
26.619005
15.533217
12.442361
16.346445
20.245463
22.139387
17.028173
14.911762
18.796519
13.683310
9.572241
8.463414
4.357321
9.255985
9.159577
-5.931743
2.982181
0.901493
3.826330
5.756821
2.693084
4.635229
-6.416642
3.537562
2.497924
-1.535482
-0.562593
4.416647
6.402282
2.394350
-2.607125
3.397877
7.409361
0.427328
1.451766
3.482654
-0.480037
7.563653
4.613677
9.669977
11.732485
3.801127
4.875815
-2.043542
-3.957049
4.135026
4.229852
15.327382
8.427554
8.530297
-5.366039
3.737346
-5.159544
-0.056715
4.045808
-0.852009
3.249783
5.351123
11.451932
0.552121
12.651584
5.747159
1.838218
5.924746
6.006709
5.084053
1.156706
4.224578
-4.712444
5.345512
2.392141
3.421937
8.435808
3.434533
2.418787
2.389147
0.346338
1.295067
10.236164
7.170220
13.097775
11.019323
6.935312
4.846151
0.752210
8.653821
2.551280
12.444852
-3.665233
5.221224
8.104391
4.984410
-0.138611
-1.262128
1.616714
-4.501823
-2.617494
-5.730075
1.160639
6.054836
-3.047317
-2.145670
4.759910
6.669537
-4.416690
4.501308
-0.576404
6.350221
-0.718786
-1.783412
2.156342
-2.899541
9.048903
5.001627
-0.041438
-9.080370
3.884731
7.853754
1.828211
1.808272
13.794302
2.786678
7.785334
12.790191
10.801159
1.818130
4.840986
15.869593
1.903805
-0.057235
15.983030
12.024721
11.067865
2.112470
-1.841478
16.205988
9.254810
9.304914
18.359874
11.419757
16.484613
13.554479
22.629375
12.709302
14.792009
18.877568
8.966033
11.057445
24.151828
17.249192
13.349531
14.452824
14.559034
6.668366
8.780765
21.896163
9.014476
12.135605
12.260904
15.390914
7.525590
6.664874
15.808695
11.956972
11.109610
8.266500
8.427783
11.593821
15.764500
14.939694
13.119264
13.302420
14.481826
10.657786
24.830567
24.000408
23.167516
20.332069
21.494217
17.654082
29.811759
30.967316
18.120795
23.272214
31.421563
26.569108
27.717371
24.866798
31.018552
37.173739
40.332301
39.494367
55.660048
73.829439
83.002618
105.179646
125.360568
135.545412
176.735226
191.928986
200.126674
215.329552
186.538685
157.754113
129.975859
98.203935
72.438341
54.679063
40.926073
33.179333
26.438789
9.704376
2.974620
4.248933
3.527312
5.809740
11.096184
0.386594
6.680908
-3.020957
-8.719093
6.586387
12.895358
5.207678
9.523190
15.841722
8.163085
11.487076
8.813474
8.142045
6.472536
8.804680
5.138193
6.472774
3.808105
8.143853
3.479665
4.815174
9.149991
4.483712
11.815913
11.146153
13.473970
9.798882
10.120387
7.437962
17.751229
6.062486
12.371359
9.677309
20.978459
11.274443
-2.435122
10.848852
6.123920
21.389760
13.646034
22.892038
20.125705
32.346714
31.554724
27.749371
37.933469
40.107450
37.271131
31.424317
43.564762
16.689369
27.798163
24.891146
17.968297
24.036043
28.100570
19.161874
11.219986
17.271862
14.317032
14.355862
22.388710
20.415923
8.437835
12.454767
12.465605
15.469696
16.467539
18.459604
7.446330
7.428126
12.405377
8.378439
3.347643
4.314931
4.281870
15.248840
3.216200
5.184287
1.153422
5.123902
2.096009
3.070006
3.046136
-2.975372
-1.994310
1.989517
-2.023716
2.966151
-1.040736
-8.044251
2.955720
-1.040727
1.966491
-6.022561
-2.007829
2.010722
7.033114
2.059356
1.089439
3.123342
-1.838972
5.202447
-1.752465
10.296211
4.348382
-8.596060
0.462763
10.524713
1.587980
4.651782
3.716067
-0.219236
11.846516
0.916842
-1.008196
1.071452
-3.844179
1.244935
9.338803
12.437426
6.540786
2.648858
11.761602
8.878966
6.000885
1.127281
3.258067
6.393139
4.532383
11.675675
14.821410
1.969511
4.119884
3.272424
8.427008
16.583008
5.740283
11.898688
24.058064
15.218239
14.379027
16.540225
20.701617
13.862972
25.024046
26.182702
25.338584
11.491488
20.641193
30.787459
19.930035
16.068650
19.201614
19.322763
13.432894
20.539704
14.643566
19.744836
15.843843
22.940901
19.036300
13.130314
26.221901
24.309544
18.393735
22.474777
14.552683
11.630202
25.707811
16.785960
4.865069
4.945533
14.027722
21.111982
10.198634
5.287978
9.380291
13.475830
8.574829
8.677504
5.784049
12.894640
11.009434
9.128568
4.252161
6.380315
3.513112
2.650619
7.792883
0.939934
5.091787
0.248436
6.409863
-3.423971
3.746879
-3.076189
2.107404
1.296774
-1.508988
-0.309824
0.893166
-1.899896
2.311089
-3.473799
-9.254499
-8.030972
5.196804
-1.571169
0.665092
-6.094448
-3.849843
-0.601165
-0.348283
-7.091094
-1.829708
6.435750
-2.294868
-5.021723
3.255004
-5.464885
1.818392
2.104436
7.392885
-6.316519
-2.024056
11.268747
0.561518
3.853992
5.145885
10.436890
18.726677
2.014895
5.301327
5.587146
1.872051
-2.844278
2.437822
10.717994
10.995862
6.271029
15.543445
8.814489
9.083844
11.351178
14.616144
11.878379
13.137503
11.393123
13.644828
18.894332
18.144424
17.394896
18.645530
25.896099
14.145726
21.392396
25.635953
12.875744
17.114867
14.354045
17.593071
16.830381
10.065959
25.299779
21.531805
24.763484
21.995071
28.224703
39.452440
31.678333
22.902427
29.124761
21.345301
27.564010
34.780904
22.995991
31.209805
17.424496
18.640151
21.856848
18.074654
24.292690
17.512010
11.732651
11.954642
7.178001
9.402736
0.628848
6.856325
1.085147
1.311662
-0.467840
5.747040
9.956676
3.161412
6.361567
2.557435
1.749283
0.936340
7.117114
1.292054
0.461572
-6.373959
-3.214198
-5.058840
4.092388
3.239732
-2.616595
7.523595
-2.337795
5.800190
1.937769
-0.924861
1.212476
-1.650066
-5.512351
-7.374266
-5.235716
-5.096626
-1.956940
-2.816621
-1.675649
-1.534023
0.608240
-9.248895
5.894519
9.038413
-5.817301
-0.672728
-1.527988
3.616779
-1.237045
0.910443
-5.940867
-1.791102
-8.640404
-0.488927
0.663157
1.815663
0.968390
6.121123
3.273632
-4.574327
-2.423016
-0.272707
0.876308
1.023725
4.169223
3.312468
3.453107
-0.409251
-2.277061
-1.150622
-3.028780
-2.905565
0.218962
0.344735
5.471678
-2.401531
3.724077
6.848520
3.971807
8.093874
7.213374
3.331961
3.449797
2.567034
1.683815
4.800268
4.916512
0.032653
-1.851216
-1.735012
4.380962
3.496277
7.611014
5.725754
10.840584
11.955571
14.070763
4.185555
13.299897
8.413845
13.527438
14.640703
15.753652
14.868241
20.984698
5.103083
20.223440
14.345804
15.470193
23.596615
14.725064
19.855521
25.987956
19.122324
23.258570
28.397547
19.540200
23.682089
23.824602
21.967997
18.112509
27.258358
26.405745
20.555013
26.706770
21.861191
18.018432
24.178636
24.341927
26.508416
16.678196
18.851346
16.027931
11.207999
12.391584
17.578706
4.769369
13.963563
3.161263
14.362431
2.567014
11.774942
-3.013864
6.201791
-1.578014
5.646660
-0.124257
1.109150
-2.653216
1.587987
2.832391
-0.920105
1.330386
-1.416265
1.838188
-8.908778
-4.657110
1.593227
1.842248
9.089948
-3.663697
3.581270
-3.175214
3.066769
-1.692880
-2.454281
0.782427
9.017087
5.249522
5.479537
-3.293083
-3.068573
-3.846514
-0.625254
8.595065
6.814563
7.032977
6.250160
7.465654
2.679276
3.891055
6.100989
2.309062
8.515241
2.719481
1.921720
5.121882
5.319875
5.515595
3.708920
-2.100221
6.088089
4.273692
8.453723
1.627968
1.796139
-0.041818
6.114024
3.262021
3.403818
3.539276
-2.331764
-2.209481
-4.094069
3.014254
2.115254
-0.791322
5.294253
2.374560
-4.547127
5.528955
3.602852
0.674625
2.744322
0.811980
3.877624
3.942335
9.008024
2.074635
9.142101
4.210433
-2.721297
0.346255
-0.586830
-0.519619
1.549765
5.621354
4.695309
0.771780
1.850907
10.932173
2.015622
4.101401
5.189647
3.280484
-1.625978
-0.529640
-4.430678
-1.330141
0.784216
2.899707
2.016418
-3.865580
-7.746227
1.374523
2.496705
7.620340
6.745438
0.871996
0.000000
8.129423
-3.739774
5.392359
5.525758
0.660350
-3.203952
-2.067248
1.070354
7.208731
-2.683051
1.425213
-0.466461
-4.358056
3.750446
0.859062
5.967807
1.076700
5.185757
5.294995
2.404432
2.514083
0.623966
-0.265901
4.844497
-0.044822
-6.933840
2.177458
-2.710911
-1.598928
1.513422
1.626156
-3.260707
-2.147153
2.966838
-0.918719
1.196193
1.311591
-0.572507
-5.456085
-6.339126
-0.221612
0.896472
-1.984855
8.134422
2.254322
2.374861
-4.503945
-3.382078
-2.259521
-1.136257
-1.012269
-1.887541
-4.762055
-2.635795
5.491257
6.619118
-3.252196
5.877332
1.007719
-1.861017
2.271140
-6.595792
-6.461798
-0.326859
0.809041
4.945918
-1.916209
3.222676
4.362589
-0.496452
6.645571
-0.211328
9.932871
3.078183
-6.775374
-1.627783
6.520971
3.670908
-1.177957
-0.025607
-5.872024
-4.717193
0.438905
-6.403713
-2.245032
-2.085033
-4.923701
-6.761017
-0.596965
-1.431529
-0.264690
-5.096433
0.073260
-6.755594
1.417021
0.591123
1.766729
3.943856
9.122519
5.302738
1.484527
4.667905
-4.147111
-0.960505
-6.772260
-1.582359
0.609215
1.802479
-1.002549
