-0.916711
-8.434072
7.040124
3.505948
2.963469
-3.587242
0.853884
8.286916
10.711926
5.128981
11.538153
5.939511
6.333125
8.719064
6.097399
1.468199
7.831535
6.187475
4.536089
3.877448
2.211621
8.538679
0.858690
10.171725
5.477853
9.777144
2.069669
5.355496
1.634696
3.907338
-0.826507
2.433229
-1.313383
-0.066273
-3.825371
2.409391
-3.361915
2.860779
5.077544
-0.711551
4.493565
4.692960
-4.113295
-1.925130
3.257525
0.434738
0.606581
-5.226878
-3.065568
-7.909420
15.241636
-0.612329
1.528753
9.664953
2.796340
7.922984
0.044955
6.162323
14.275158
13.383529
6.487506
-4.412841
2.682558
6.773772
7.860872
12.943927
7.023007
11.098182
16.169521
13.237094
21.300972
14.361224
22.417919
27.471128
22.520920
26.567366
27.610534
23.650495
32.687319
26.721075
23.751833
22.779663
26.804635
21.826818
26.846283
16.863099
25.877335
20.889063
18.898351
18.905269
20.909887
7.912276
15.912504
11.910641
9.906758
11.900924
5.893209
8.883683
2.872415
7.859475
1.844933
7.828784
0.807602
-4.218526
-0.249534
-6.285370
0.674002
5.628600
4.580529
-0.467572
-8.515553
-2.563272
2.389400
-8.657417
-5.703613
4.250912
-3.793754
-4.837531
-4.880352
4.079474
-1.957026
2.025094
-4.988492
-2.997733
-0.002588
-0.003026
-0.999024
-2.991834
-0.981619
0.031675
4.048094
-2.932327
3.090436
4.116397
-2.854441
-7.822084
-2.786551
10.252131
1.293923
1.338547
0.385061
2.433547
5.484073
0.536696
11.591461
2.648398
4.707528
12.768855
5.832208
13.894894
13.957029
19.018712
16.080026
20.141035
16.201790
12.262324
29.322652
20.382775
31.442677
15.502324
24.561667
16.620641
19.677668
17.733937
12.789321
13.843679
15.897153
12.950894
14.004803
8.058766
5.112655
12.166328
-3.780374
12.272377
10.323822
15.372382
9.417931
0.460325
3.499401
10.534978
2.566857
1.599650
5.634580
0.671677
-1.289039
-5.247558
3.796120
-5.157414
8.892024
2.944426
2.999774
-0.941959
0.119190
5.183175
-2.750060
-4.680582
4.391535
-4.533795
-3.456667
-6.377186
1.704533
-3.210370
2.878389
2.970732
6.066576
-4.834174
-0.731619
-0.625870
1.482952
-2.406760
1.703604
7.813974
-6.075733
1.034579
12.145007
2.255450
4.365800
5.475936
-2.415032
2.692067
-8.205255
-3.110262
2.977166
0.057133
0.129720
10.194995
1.253004
2.303822
2.348420
-2.611214
3.425050
4.457150
7.485003
0.508229
1.526940
-3.458763
-3.448796
-2.443089
0.558414
-4.444248
-3.451048
3.538025
3.522967
0.503760
6.480369
8.452747
3.419285
-3.625366
-1.680857
-3.746873
-0.823134
2.090608
-2.005429
1.888940
8.773869
8.649485
2.515884
2.373132
2.223725
0.070919
2.914989
2.756192
-7.405235
-6.570513
-0.740262
-1.914122
-0.091759
1.727133
-3.457163
4.355609
-1.834316
-5.025748
-5.217717
0.590017
-1.602327
-3.794549
1.013533
-2.177919
-9.368762
-0.558869
1.251867
-2.936462
-2.123786
0.689953
1.504791
8.321540
-1.858704
-6.035876
2.790079
3.619196
-5.548499
-3.712999
1.125692
2.967552
-2.187286
-1.337317
-5.482535
-0.622945
-4.758564
10.110575
0.985994
15.868988
13.758214
13.653429
3.554726
15.462190
9.376226
12.297141
11.224981
5.157737
4.095558
6.038576
13.986915
12.940680
10.899967
2.864614
7.834700
8.810291
9.785642
0.760090
4.734154
14.708313
3.683010
8.658650
0.635605
4.614215
0.594789
3.577604
4.562911
11.550929
-3.458146
9.535852
-1.466935
-0.466393
-3.462431
3.545017
5.555991
2.570508
12.588561
10.609484
4.633541
13.662640
11.696891
16.736380
23.781176
16.831324
12.886851
16.947763
11.014047
18.085843
24.165928
22.254372
26.351230
40.456543
41.570335
46.692616
53.823379
79.962605
93.110258
109.266289
126.430631
153.603206
180.783373
208.971521
218.166292
219.367491
189.575035
156.788824
128.010060
101.238892
72.475236
46.718988
32.970030
31.228228
6.493432
-4.233924
6.047482
4.337559
-2.363793
-0.056690
-5.741261
-1.417647
-7.086005
-5.746503
0.600677
-3.044661
-4.682726
4.686259
0.062057
1.444418
7.833078
4.227758
-0.371834
-1.966005
2.444924
0.860618
-8.719275
1.703731
-6.874187
-0.453216
-5.033570
9.384519
0.800795
0.214982
3.626778
6.035861
5.441884
6.844478
8.243246
1.637770
6.029161
-0.581581
5.804944
-0.812191
3.566736
-0.058572
5.309426
6.670311
5.023830
14.369712
7.707663
14.038671
27.365815
26.689006
37.008142
31.323109
29.633781
41.940019
34.241672
51.538577
33.830557
33.117424
26.398977
29.675002
14.945181
14.202879
18.445776
15.674210
15.888477
11.088838
12.275519
15.447811
11.605931
11.750086
13.880449
6.997160
10.100322
8.191631
7.276831
8.356185
12.429940
2.498324
4.561543
6.619786
2.673226
6.722013
5.766283
9.806153
-7.158276
2.873866
7.903425
0.931723
-2.041009
-9.014635
-0.990363
5.032475
-1.945714
-0.924547
-4.903665
4.117269
-2.861432
-4.839474
-3.816400
-7.791749
-9.765274
-4.736746
1.294046
0.327294
-4.636826
1.401842
4.443440
-5.511910
5.535901
3.586962
0.641350
-1.300877
2.760325
-3.175016
-0.106886
2.964711
2.039758
9.118223
-2.799940
2.285206
0.373585
3.465106
11.559662
6.657135
3.757390
-2.139724
7.965631
9.073276
9.183019
5.294653
12.407955
9.522688
11.638603
10.755431
0.872894
10.990721
-3.889220
5.232862
-2.643254
3.482197
5.608970
9.736807
4.865694
20.995362
13.125530
17.261998
26.405806
10.556830
20.714943
21.880017
21.051924
21.230531
26.415705
23.607305
22.805192
24.009219
27.219236
22.435092
19.656628
17.883684
18.115090
26.338010
28.552895
13.760254
23.960564
23.153740
27.339805
18.519499
18.693340
18.863252
19.030089
25.194339
15.356456
16.516865
20.675965
17.834128
13.991699
24.149000
12.306329
15.463959
18.622144
16.781114
16.941078
14.102225
10.264304
18.427313
3.591408
5.756722
7.923372
9.091455
5.261048
11.433507
9.609060
6.787797
6.969792
10.155102
0.343768
1.535817
2.731258
-0.069914
-2.867722
15.337800
8.546598
-0.241396
-5.026263
0.191897
2.410001
8.628332
-2.153063
8.065841
9.285048
7.504541
1.724280
-2.055791
5.164245
-3.615710
2.604222
-1.176101
8.043160
3.261820
1.479677
-4.303495
4.912059
5.126071
-6.660537
-10.444342
-2.225405
3.996197
3.219939
3.445332
6.672294
12.900732
7.130537
4.361587
5.593749
9.826872
5.060794
11.295342
3.528478
6.759222
9.987496
2.212883
9.434130
7.651199
10.864035
11.072558
16.276671
10.476255
15.671171
13.861260
13.046343
12.226221
7.400674
10.569462
14.732303
12.888889
20.038923
14.182086
19.318036
18.446414
26.566836
18.679534
20.790893
20.903404
25.016746
22.130846
15.245626
14.361000
22.477823
17.596029
14.715517
33.836183
23.957913
28.080586
27.204076
36.328248
30.452959
37.578057
30.703382
34.829098
26.955709
32.083072
26.211036
25.340388
26.470704
29.601983
24.734216
22.867385
14.001466
18.135720
8.270864
14.409831
11.553332
10.701388
11.854015
13.004950
10.150727
2.291895
7.428976
2.562461
-2.307180
10.820496
3.945906
2.069448
-3.808823
4.310843
-6.571145
-4.454401
1.661434
-1.223302
-4.108293
-4.993246
-5.877889
3.238032
-4.645252
-1.527527
-3.408599
2.711706
0.833546
-2.042941
-3.917634
0.209571
-1.661239
0.470003
-6.396649
-0.261161
0.876486
-1.983705
0.158251
-8.697677
-5.551535
4.596612
-1.253314
1.898591
-3.947785
-2.792571
1.364089
-4.477966
2.681087
-0.158947
-4.998286
-4.837762
3.321526
1.477237
1.629285
4.777564
-2.078058
4.062265
3.198357
-1.669984
0.457018
-6.420884
5.696037
-2.193314
-5.089293
-5.992211
-1.902408
2.179753
-6.746122
-2.680455
0.376303
-2.576332
-8.528447
-0.480467
-8.432247
-4.383653
2.665996
4.717911
-0.227803
-3.171046
6.888273
-3.049759
2.014935
3.082422
7.152763
0.226008
3.301865
-1.621221
1.456888
6.536312
4.617161
4.699526
11.783489
0.869116
6.956458
14.045555
10.136430
18.229096
11.323549
10.419774
16.517742
9.617409
9.718720
13.821605
18.925983
16.031756
21.138817
21.247042
20.356297
11.466433
9.577169
21.688865
26.802543
23.918119
24.035499
24.154574
27.272599
26.392285
24.513770
29.637174
25.762605
24.890155
26.019904
21.151920
25.286256
19.422862
25.561375
25.701831
21.844250
27.988641
23.135000
21.283308
16.433536
15.585153
17.737438
8.889634
12.041978
0.194525
11.347312
3.500359
3.653672
3.807240
-6.038965
-2.885639
7.267155
-0.580632
3.570940
-8.278208
-4.128170
4.022882
-0.824165
-4.669317
-0.512253
2.648230
-1.188070
2.975613
-2.860530
-0.696324
3.468386
1.633741
0.799708
-2.034030
1.132643
-1.700177
-3.532405
-6.363976
-5.194838
1.975042
2.145685
1.317095
-0.510741
-7.337848
6.835729
1.009935
6.184695
2.360177
-2.463709
0.712930
2.888240
3.061413
4.232909
7.402606
-0.429645
1.736167
5.900033
-0.938077
9.221788
4.379560
6.535151
2.688453
-7.161318
3.985686
-1.870673
5.269448
-5.594129
-0.461602
-1.333190
0.789936
0.906862
-2.984152
4.118437
-1.785620
-0.696595
-0.614790
-2.540528
-8.474137
2.590629
1.657675
-3.272951
6.798794
-0.127057
-7.050479
2.028545
-3.889978
4.193471
-1.723804
-5.640947
-1.557769
-5.474098
6.610228
-0.304649
-1.218598
-4.131506
-1.043270
-2.953806
2.136958
-3.770921
-4.677399
1.417552
4.513948
-7.388209
-1.288933
-2.188250
-6.086199
-6.981489
-6.873521
-6.762294
-3.647820
-3.530126
-6.409247
-4.290403
-5.169452
-2.046464
-3.921520
0.205291
-4.666135
-0.535911
-0.404159
-0.271015
-7.136623
5.998858
0.135263
4.272413
-3.588958
2.553256
1.698982
0.848138
0.000000
1.152702
3.306240
-4.551825
4.590719
-5.266138
-5.122404
4.021911
-4.833200
-2.687747
2.458261
0.604815
2.751908
0.899529
-2.952331
-0.803679
2.345475
-1.504878
-5.354746
-7.204139
-4.053065
-1.901533
-1.749552
3.402869
-0.444279
-3.291004
4.862685
0.016778
-1.828733
3.326142
4.481397
-4.362980
-0.206996
-3.050661
3.106017
7.263029
2.420366
-1.421980
3.735980
6.894239
3.052787
-3.788383
-7.629282
0.530082
-4.310300
1.849563
1.009663
-1.830009
3.330537
0.491293
-0.347750
3.813400
5.974732
3.136239
2.297911
-7.540259
2.621718
-6.216166
2.946080
-2.891552
-4.729072
6.433511
-2.403811
-1.241047
2.921795
1.084704
-1.752328
2.410691
-1.426248
6.736845
6.899962
8.063094
8.226232
-5.610632
2.552492
-0.284405
-2.121331
-0.958295
-2.795306
-3.632373
-3.469504
-2.306709
-8.143997
3.018624
-0.818855
3.343557
6.505851
0.668018
-0.169950
1.991938
3.153672
4.315243
6.476644
-1.362135
1.798898
-2.040268
4.120361
0.280773
3.440962
1.600918
0.760632
-2.079905
6.079299
