-5.593795
4.500352
13.593871
12.686765
10.779035
10.870684
8.961713
4.052125
7.141920
7.231102
13.319671
1.407631
14.494982
27.581727
10.667868
12.753407
11.838345
2.922684
11.006427
3.089575
14.172130
5.254095
14.335470
1.416259
12.496462
20.576082
4.655121
4.733580
11.811463
-5.111231
5.965502
13.041663
-0.882745
2.192279
5.266737
2.340630
0.413962
-1.513266
-8.441053
-0.369396
2.701707
1.772257
-1.157743
1.911708
0.980612
-0.951028
4.116788
-2.815936
5.250801
0.317000
4.382665
7.447796
0.512396
2.576466
3.640009
2.703026
9.765519
-3.172509
-0.111057
-5.050123
2.010295
2.070199
7.129591
1.188472
12.246846
5.304712
8.362075
5.418935
5.475294
16.531154
9.586518
15.641387
14.695763
17.749648
19.803043
31.855952
30.908375
33.960315
26.011773
24.062752
29.113254
28.163279
19.212831
21.261911
29.310521
23.358663
27.406340
19.453551
20.500301
18.546590
14.592421
22.637796
15.682716
11.727183
7.771200
7.814768
2.857888
0.900564
4.942797
9.984589
14.025942
4.056909
-1.913880
5.113574
10.139259
-4.836849
7.185211
-6.794614
-1.776389
5.239809
1.253887
-6.736951
7.267236
5.271049
4.275397
2.280485
-7.713494
-1.706356
8.302069
1.311942
-8.676591
-5.669477
7.340005
-6.647998
2.366648
-0.615934
-8.595636
-7.572362
-6.546027
0.482789
-2.485918
5.547928
-3.415608
3.623524
-0.334636
2.709937
0.757255
-2.192681
-1.139884
-8.084380
6.973792
3.034556
5.095776
5.157472
1.219649
-7.717702
15.345390
8.408886
7.472726
9.536839
10.601135
13.665509
20.729842
20.793997
24.857820
16.921143
19.983781
13.048019
13.114052
23.181800
18.251172
14.322062
21.392907
23.462930
8.532070
20.600247
10.667370
17.733332
7.798010
17.861267
8.922950
12.982892
12.040908
15.096802
21.148874
21.196841
15.240531
12.279750
21.314288
10.343916
-0.627855
3.401763
-1.567205
-3.534743
-6.500842
1.534494
5.571254
1.609417
-4.351049
-0.310186
3.731957
-1.224683
7.819582
6.864387
-5.090338
0.955325
5.001284
-2.952563
2.093671
5.139864
5.185881
-3.768422
1.276802
8.323207
2.370724
6.419244
7.469841
-5.476678
5.579638
6.638733
7.700546
4.765007
7.832041
13.901567
11.973496
1.047736
12.117596
1.179631
0.233813
4.280396
-0.680383
7.351694
4.376829
0.395207
3.406996
-0.586887
5.413731
11.409005
-1.600923
-7.615929
-0.635902
7.339249
3.309605
8.275226
11.236993
-0.804187
3.151784
-0.895008
6.055510
3.003354
7.948458
0.890859
0.830582
-1.238662
0.682115
0.593538
-7.503814
9.390594
2.277256
9.156630
6.029135
-5.104843
-4.244953
-1.390873
-3.542277
-4.698782
5.139851
-6.026169
-5.196659
-3.371465
4.449543
4.266468
-7.921410
2.885814
0.688242
6.490965
0.294512
-0.900839
-0.094829
0.712984
-0.477028
-0.664646
-4.849674
-4.031929
-1.211248
-9.387486
1.439488
-3.730216
8.103500
-9.059287
2.781488
-6.374130
6.473891
4.325724
-2.818624
-1.959164
-2.095921
-2.228938
2.641729
-1.483994
4.393805
-1.724978
-2.840464
5.047346
0.938905
-1.166198
3.731991
-1.365288
7.543453
1.457782
11.376405
17.297784
4.221879
14.148791
21.078605
20.011392
6.947207
11.886089
7.828063
11.773137
11.721306
9.672547
-0.370345
19.590548
3.551642
6.513403
6.476266
9.440633
15.406881
9.375355
8.346658
2.322012
7.300520
4.281930
11.266672
5.255145
-0.752284
3.244720
1.246024
11.251751
3.262182
1.277572
-2.701850
1.324121
0.355667
0.392944
4.436086
6.485206
12.540392
7.601711
17.669208
13.742907
12.822838
12.911159
26.007948
6.113263
7.227145
8.349618
16.480688
11.620345
25.768560
21.925289
24.090471
33.264027
37.445861
53.635862
68.833900
64.039829
84.253486
101.474692
134.703248
150.938941
191.179283
215.425047
218.677030
219.935257
206.199733
181.470446
128.747363
115.030433
72.320264
59.616890
42.920234
23.230203
15.546686
2.871111
0.203540
-3.456101
5.892100
-1.751962
-4.388408
-3.017371
-3.639004
-2.253472
-0.860958
-8.461658
-5.055785
2.356432
10.774748
19.198904
6.628622
-8.936389
-4.496438
-1.051595
-1.601879
-6.147614
-6.689137
-0.226804
6.239015
-4.292068
-2.820457
-1.346573
-2.870853
0.606245
-0.915751
7.562668
8.040989
7.518684
1.995202
0.469975
-1.057588
2.411901
10.877808
3.339475
7.796223
1.247075
3.687561
16.120341
6.546659
13.966749
22.380548
22.788030
23.189168
32.583868
35.972023
37.353513
38.723772
42.080335
40.423468
43.753408
42.070364
36.374516
39.666020
33.945004
26.211573
29.465806
17.707759
23.937464
14.154931
19.360146
12.553073
17.733654
17.901810
21.057422
3.205832
15.349501
13.488584
10.623228
14.753570
8.876944
-2.010170
17.092984
6.187091
6.272777
5.350610
3.421114
3.484762
-2.455942
6.600290
-7.346064
5.705440
4.755215
-3.196356
1.851922
1.900615
2.950050
-1.999466
-0.947651
5.105755
-2.839008
-5.781720
-0.722181
3.339787
2.404347
-3.528359
0.541794
0.614913
3.691088
4.770390
3.852876
-0.061372
6.027790
5.120374
-9.783623
8.315782
0.418554
5.524643
3.633985
17.746498
4.862089
8.980646
5.102044
9.226143
6.352788
3.481809
6.613339
5.747515
17.884152
2.023057
1.164016
7.307252
13.453908
12.603818
23.756800
8.912662
7.071200
10.232197
11.395426
7.560646
10.727605
2.896040
10.065673
11.236218
11.407373
15.581187
12.761403
18.947873
20.140447
15.338972
16.543288
27.753233
21.968637
22.189329
30.416410
26.650396
26.891124
27.138427
22.392136
31.652082
20.918091
24.189988
24.467596
23.750736
27.034749
31.311358
18.580173
24.839940
30.090653
20.332897
29.567210
32.794093
36.014006
24.229036
32.439802
25.646738
28.850250
31.050606
20.247987
25.442728
21.635142
17.825516
29.014113
26.201175
22.386643
18.570678
17.753480
14.935229
20.115283
16.293633
14.470467
4.645951
9.820228
12.993416
22.167755
14.344512
10.523874
13.706013
15.891083
3.079220
11.271006
8.466747
16.666555
12.870527
10.078746
10.291275
8.508166
1.728958
12.952456
14.178771
10.407992
8.640193
3.875429
4.113736
8.355133
-0.400376
5.847191
-0.902195
4.351414
4.607953
-3.132662
6.129471
-0.606699
5.658398
6.924687
-3.807927
-2.539556
-10.270335
8.999586
2.270034
0.540820
6.811734
3.082126
15.351703
6.620217
9.887401
5.152965
9.416600
15.677979
12.934967
3.186664
10.432810
10.673123
4.907289
21.134970
9.355800
21.569382
12.775575
22.977880
9.176108
10.370053
9.559489
13.744175
16.923853
16.098245
21.267058
14.429980
16.586680
20.741475
15.896902
18.052865
23.209259
23.365971
18.522882
17.679860
25.836767
24.993455
23.149768
27.305538
28.460591
26.614741
15.767795
28.919547
19.069784
29.218283
29.364829
18.510397
20.654772
28.794926
34.929986
29.059867
35.186406
29.312153
32.437089
37.561211
34.684522
32.807030
29.928746
33.049678
28.171444
21.295584
24.422224
25.551486
27.683489
18.817353
21.954244
20.094260
11.237491
7.384023
11.533933
3.687290
4.844156
9.004586
2.168625
8.336312
6.497257
-1.349653
-1.203440
2.936791
-3.928139
0.202530
-4.670503
6.453410
-2.425128
-2.305563
0.812621
-2.070097
-6.953278
-1.836512
5.280575
-4.601670
0.517068
-6.362924
-4.241382
0.881928
2.007216
1.134668
2.264448
-8.603307
10.531521
3.669027
-1.190717
3.952342
-4.901767
-2.753033
-1.601466
1.552902
-2.289978
-9.130177
-2.967787
3.197084
-1.635696
3.533725
-3.294824
5.878470
-1.946604
-0.770273
0.407212
2.585584
-4.235449
-0.056195
7.123014
-3.698176
2.479863
1.656733
-5.167985
-0.994731
-8.823973
1.343801
-0.491925
0.668308
-6.176067
-1.025646
4.118946
-0.742947
0.392694
2.534126
0.682147
-2.163304
-0.002383
-0.835247
7.337333
0.514660
7.693997
1.874887
6.057368
4.241469
4.427211
12.613244
4.799078
6.984781
1.170409
3.356008
-0.458389
3.727242
-1.088532
2.093713
8.274120
12.452815
6.630747
4.808247
9.985420
14.162355
14.339127
18.515797
15.692412
14.869004
13.045592
8.221730
25.394869
14.565192
17.732854
13.897994
18.060726
30.221145
28.379325
26.535322
21.689171
23.843031
28.998843
30.156747
31.316863
26.479298
27.644145
25.811479
28.981363
25.153841
35.328948
31.506813
30.687627
33.871390
25.058089
30.247696
21.441148
27.638801
27.840639
23.046635
18.256749
17.470929
25.689110
24.911216
21.137157
15.366666
5.598704
17.831754
9.064894
4.298140
3.531489
8.764924
3.998412
9.233775
9.471692
7.712191
6.955285
2.200975
6.449249
0.700083
1.953439
1.209448
7.466101
10.722401
7.978447
1.234321
-9.509914
-0.254215
2.001447
12.257081
5.512679
5.768217
10.023653
9.278929
9.533969
-5.211319
2.042956
2.296668
8.549676
1.801821
6.052926
11.302801
3.551236
7.798005
7.042866
6.285559
2.526245
8.764715
2.000677
2.233822
5.463826
4.690344
10.914003
9.135488
7.354707
8.571559
9.785923
7.997549
9.205037
10.407918
-0.393897
5.798909
6.986180
1.167802
4.343648
5.513573
2.677416
0.834939
4.986133
2.130663
11.266823
1.394450
4.512602
-0.379711
2.717389
9.803755
6.879220
0.943591
0.996655
-1.950873
9.103031
4.158334
6.214327
0.270891
3.328067
10.385899
-1.555570
4.503705
5.563763
12.624641
0.686371
10.748978
1.811309
3.873379
-3.064744
-1.001963
-4.936630
3.129400
2.195155
7.260969
-7.672843
1.394016
5.461827
-0.469150
2.601332
2.673501
0.747571
0.823736
7.915990
3.009986
6.105842
2.203661
-3.696467
2.405536
-2.490268
6.616174
4.724900
10.835936
5.949295
-6.935022
8.182974
2.303260
1.425799
5.550545
6.677436
6.806401
13.937356
4.070204
-1.836861
-5.743742
-4.650406
-2.556822
-2.462958
5.631216
-3.274266
9.820625
7.915922
3.011657
4.107860
5.204564
-2.698200
7.399599
-7.502006
-8.402985
-5.303305
-0.202935
9.898156
0.000000
-0.897371
1.206074
-1.689634
4.415539
-5.478379
3.628647
-1.263354
4.845651
-2.044306
-0.933196
-0.820984
-6.707641
0.406866
-3.477433
1.639495
1.757682
-2.122842
-0.002045
-1.879894
-3.756359
-6.631409
-3.505010
0.622867
0.752256
0.883186
3.015691
0.149801
2.285548
-2.577037
2.562079
4.702926
2.845537
-2.010057
-5.863825
-1.715735
-5.565756
-3.413855
6.739999
-3.104164
-5.946310
4.213591
1.375571
4.539662
-1.294105
-5.125699
-6.955087
-4.782238
0.392879
-0.429704
3.750045
-3.067844
1.116663
-0.696404
2.492986
-0.315134
-6.120732
2.076221
-2.724241
-5.522088
-2.317287
-2.109807
-0.899617
-4.686685
-5.470980
-0.252469
10.968878
-0.806906
4.420210
-2.349744
-1.116734
1.119271
-1.641699
1.600390
3.845567
-3.906135
8.345316
2.599951
-2.142199
-7.881101
-0.616725
