12.502562
7.679463
2.853138
11.023605
1.190885
13.354997
13.515962
10.673799
6.828528
8.980170
19.128743
20.274267
9.416764
3.556251
18.692750
5.826280
20.956861
13.084513
14.209255
14.331108
8.450092
11.566225
14.679529
8.790023
1.897726
13.002660
12.104842
6.204294
-8.698964
7.395086
2.486466
-6.424806
-2.338709
1.744776
8.825670
8.903992
8.979763
1.053001
5.123727
0.191960
-2.742278
7.321030
1.381906
-2.559631
2.496439
1.550135
-1.398521
-0.349512
6.697185
-1.258413
2.783716
5.823590
4.861230
10.896656
12.929888
11.960945
10.989847
15.016614
7.041266
14.063823
4.084305
4.102731
10.119121
5.133496
11.145875
10.156278
10.164724
11.171235
19.175828
15.178525
14.179346
21.178309
22.175436
12.170745
24.164257
28.155991
34.145968
42.134207
35.120728
35.105551
27.088695
23.070182
18.050030
23.028259
29.004889
23.979941
19.953433
17.925387
16.895821
19.864755
18.832210
7.798205
10.762760
24.725895
15.687630
1.647984
10.606978
8.564632
17.520964
7.475996
-2.570254
-1.671129
-9.769906
6.133555
0.039381
12.947693
2.858605
9.772223
-5.311356
-2.392043
2.530244
7.455576
5.384020
-3.684368
7.250461
4.185314
2.120386
8.055855
-7.008111
-3.071359
2.866255
-4.201567
6.732171
-9.332392
5.604872
13.544074
-2.514687
-3.571327
-3.625776
3.322022
10.272108
0.224511
6.179245
3.136310
10.095691
4.057361
0.021276
6.987380
-3.044398
6.923774
1.889015
6.851493
4.811350
8.768704
4.723650
4.676260
1.626583
3.574642
7.520440
12.463956
13.405146
-0.656057
16.280255
13.213970
7.144950
13.073033
23.998034
19.921319
31.843588
9.765431
14.686777
16.607539
19.526118
24.443675
16.360063
13.275116
12.188648
10.100458
13.010326
17.922026
7.839263
3.762076
10.690499
8.624557
0.564266
9.509635
15.460665
11.417348
12.379665
-1.652408
2.321095
14.300128
11.284806
7.276891
-2.723606
4.283319
7.297657
0.319395
9.348509
-5.615032
-0.571266
-6.520242
5.537985
4.603352
0.675787
2.755210
6.841536
-5.067056
5.026395
-4.878067
15.219592
-7.680612
2.421327
0.525401
-4.368409
8.739861
7.850166
3.962445
0.076626
9.189741
9.301624
10.412291
3.521740
10.629955
10.736907
7.842550
7.946823
11.049652
-2.849055
-1.749403
5.350973
-0.547650
1.554731
3.658107
-0.237540
-3.132241
5.973963
-4.922305
12.176982
-0.728038
-3.637245
-2.550536
8.532173
-3.389049
4.685846
0.754190
-0.189789
4.854677
-1.111723
-0.088367
11.925298
16.929770
10.925490
-2.087150
8.892191
2.863930
6.828763
11.786927
15.738614
16.683980
6.623141
-0.443823
6.483128
-1.595999
3.318763
10.227347
8.129647
-2.973510
7.919444
-2.191332
-7.304214
5.580851
10.463891
1.344914
-1.776094
-10.899171
4.975627
-1.148348
0.731007
3.613815
2.500187
1.390217
8.283987
3.181564
1.083004
-1.011654
5.897616
1.810827
3.727979
-2.350942
-3.425964
7.502872
-1.564487
5.371140
14.308466
5.247508
5.189245
-3.865929
9.082009
-0.966935
7.988512
6.949196
12.915167
-4.113538
8.863103
18.845100
-1.167549
10.825136
-4.178365
10.820764
16.821974
16.825073
23.830167
20.837341
17.846661
13.858178
15.871921
19.886980
5.903027
14.920095
14.938198
10.957334
11.977479
4.998593
18.020620
17.043481
9.070479
10.101670
7.137097
17.176789
15.220761
9.269017
15.321545
14.378320
18.439304
4.504446
7.573681
11.646931
11.724104
10.805094
12.889783
7.978039
17.069716
12.164654
12.262681
9.363609
18.467238
20.573354
3.681727
15.789256
23.894121
21.999768
22.108018
29.219218
21.333697
28.451761
23.573701
14.699789
17.830278
18.965403
26.105385
36.250424
26.400708
29.556403
35.717665
46.884628
57.057416
66.236133
87.420869
104.611700
117.808686
154.011871
167.221937
192.438246
216.660798
201.889578
189.124555
167.365684
127.612905
106.866144
78.125313
54.390306
44.661007
24.937281
16.218980
16.505942
3.797989
-3.905072
3.396550
-4.297368
5.012935
-3.673368
-10.356950
-0.038052
6.283063
2.606118
3.930816
11.256843
16.583868
13.911538
11.239485
6.565881
-0.112069
5.205406
-0.481955
-2.174437
-5.872353
-4.576203
-7.284591
4.005358
-6.706440
4.579911
0.864296
4.146580
3.426614
7.704233
-2.020943
5.250283
4.517729
-2.218801
2.040480
4.294545
-2.458237
12.781965
12.014967
5.240564
1.458535
-0.331361
1.870619
-5.935805
13.249072
13.424934
16.591444
17.748246
27.894965
22.031202
36.156539
32.262616
42.352940
28.429854
37.493643
22.544563
25.582394
21.606274
20.616513
15.612555
21.596499
13.575107
10.548822
9.518067
17.483252
15.444765
15.402169
-0.645525
9.302240
2.245982
8.186183
1.123290
13.057716
1.989846
-0.076965
7.857928
3.794956
-1.265474
-3.322976
9.622809
2.572221
2.525578
-4.517931
3.441604
-1.595432
-1.628680
1.342194
-0.682501
-6.702480
3.282520
3.272739
-4.731605
3.269688
-10.723206
-6.710127
-6.690939
-6.665519
-0.633768
-1.595603
7.449042
-4.499785
-9.442055
1.622245
2.693111
7.770522
2.854441
-0.055186
5.041570
-1.854589
-0.742419
12.378054
2.506788
12.643730
3.788812
11.941952
8.103056
2.272016
1.448711
0.633005
3.824751
8.023786
12.229938
4.443017
11.664390
9.895197
10.135326
5.384653
4.643047
8.910363
10.186448
14.471138
16.764259
-4.934374
-0.624955
16.692310
0.016587
10.347108
-0.316320
7.026099
11.374150
9.727607
8.086230
10.449770
11.817964
15.190540
18.567211
22.947681
20.331642
27.718773
21.108742
27.499722
20.887202
17.271039
19.651075
22.027136
22.399030
21.766549
15.127764
20.471246
16.798099
19.109255
20.405501
21.687506
19.955835
28.213967
19.467216
17.716558
19.962613
27.205948
16.447087
23.686508
17.924651
14.162885
19.401992
22.642362
24.884355
18.128300
18.374499
10.623229
24.874739
10.129257
11.386984
7.648100
13.912762
20.181107
11.453248
17.729281
2.009280
13.293298
7.581372
5.873519
11.169734
11.469999
4.774273
-0.917499
4.394607
-1.289500
3.030069
12.353187
3.679711
6.009479
-4.657689
6.678011
-1.983632
-5.642850
-1.299889
5.045588
-1.606220
-1.255551
-8.902660
-2.547817
1.808692
-0.833435
2.525485
-6.114960
3.243713
7.602700
-11.035670
1.328455
-6.305083
-4.936453
1.432862
13.802304
7.171747
-0.460727
-1.095803
-5.733509
-3.375905
-1.023425
10.324030
2.666531
8.004126
6.336839
14.664670
7.987596
3.305572
11.618531
9.926383
15.229018
10.526305
11.818091
18.104203
11.384447
8.658609
7.926456
7.187732
11.442164
18.689456
16.929293
19.161341
11.385244
6.600626
16.815414
22.029519
11.242827
22.455214
19.666546
20.877154
20.088046
19.299077
24.510971
20.724684
23.940211
24.157446
24.376224
19.596378
20.817736
17.040971
24.267393
14.496806
25.729013
19.964027
28.202300
26.443670
31.687972
35.935038
33.185526
37.440772
30.699733
25.959422
26.219607
33.480348
26.741696
23.004861
17.270379
19.538303
20.808679
25.080502
18.354920
17.631955
7.911626
7.193942
6.478905
8.759024
13.033776
8.303648
12.569093
7.830538
6.088382
1.342997
6.594731
3.843907
8.090825
1.334655
6.575283
-2.186928
3.048355
-1.718560
13.512604
-9.258404
0.967019
2.189275
19.408729
5.625713
-5.159476
2.053430
2.264668
8.474447
-2.317054
4.890320
1.096698
-0.697818
-0.493149
-5.289241
4.913937
1.116393
2.318113
3.519058
2.719172
2.918371
-0.883446
-0.686402
-3.490645
3.703660
2.896326
3.087142
-0.723473
8.464865
9.651961
5.837602
-0.978446
1.203567
-4.616630
5.560675
11.735173
-3.093462
0.074423
0.238462
7.398270
10.553440
0.703547
-3.151850
-6.009738
-0.870394
-1.734107
-3.601182
4.528064
-1.346700
-9.224031
-1.092353
-1.952114
9.196310
-0.647401
-2.483528
-0.312320
4.864842
7.047529
5.235595
7.428207
1.621850
0.816622
-1.987383
-3.790081
6.408603
7.608735
2.810372
7.013557
10.218327
4.424703
4.632699
5.842314
16.053171
6.263787
10.474205
8.684451
14.894542
10.104482
10.314261
9.523858
8.733238
15.942355
11.152689
12.365178
16.579059
10.791440
11.002544
8.212576
24.421721
20.630143
15.837992
17.044686
16.250363
24.455146
24.659142
19.862442
22.065118
14.267225
28.468803
26.669872
32.870440
34.070496
31.270011
30.468944
26.667235
25.864807
22.061570
24.256993
22.450406
24.641723
23.830842
23.017641
24.199255
7.377013
10.551437
25.722604
8.892440
10.061723
5.230576
10.401216
7.574328
-2.249945
7.928521
3.109840
4.294112
0.481423
2.671844
0.865434
13.062239
-5.737709
2.465609
-2.327802
-1.117948
-0.904850
-3.688542
1.530931
10.753508
0.978368
5.204462
-10.568210
-1.339736
2.889572
0.119684
0.350552
3.582073
8.814060
4.045866
1.278539
-0.488377
4.744822
-6.021885
-3.788536
0.444813
0.678093
-1.088783
1.144083
8.376572
-1.391448
7.839872
7.070366
8.299070
10.522886
1.741828
13.955883
1.165016
5.369167
2.568253
9.762167
1.950778
2.133933
4.312455
4.487139
2.657882
-1.175438
-1.012963
1.145146
3.298710
-2.552470
4.590471
2.728385
-1.138993
-2.011944
-3.890770
0.224207
-3.667352
1.442060
5.553380
-0.334418
-0.221690
-0.108449
0.004309
0.116601
11.228434
4.339807
2.450707
3.562275
5.673746
10.784163
-0.106379
6.002206
-2.890010
2.217569
3.326754
-3.562397
2.550164
-0.335519
-4.220293
-3.105021
2.010423
1.126149
-6.757745
-0.640501
-5.521708
5.598899
-3.278435
-3.153478
-4.026015
-4.895847
-6.762792
4.384729
-1.465334
0.687129
1.842213
0.000000
-2.839440
7.323950
-1.509786
-2.340615
2.831482
-5.993488
0.184472
-6.634656
-2.450901
-1.264302
0.925087
2.117202
-1.688032
4.509296
-9.290913
-1.107777
6.075930
1.260199
2.445020
-2.369616
0.816283
-2.997292
1.189649
4.377099
0.565047
-2.246516
-2.057597
-2.868206
-8.678353
-4.488045
-2.297292
-2.106103
-3.914487
-2.722452
-8.530008
0.662836
5.856072
3.049690
3.243682
7.438038
-1.367250
2.827809
2.023205
-2.781070
-1.585025
-4.388669
-4.192011
-0.995060
0.202175
4.399686
-1.402538
1.795496
5.993777
1.192299
1.391050
-2.409977
0.789209
-2.011402
-5.811818
5.387951
5.587897
7.788011
-9.011717
6.188706
-0.610731
2.589964
2.790783
1.991715
-1.807247
1.393887
-7.404892
-3.203593
-2.002225
-1.800796
9.400685
3.602208
3.803764
5.005345
2.206942
1.408545
10.610147
0.811737
7.013306
4.214847
4.416350
3.617806
9.819206
-1.979459
-5.778198
-3.577020
-0.375933
1.825053
-3.974071
-3.773313
-2.572682
0.627812
-3.171840
-0.971646
-0.771615
-2.571756
-5.372079
6.827409
-5.973303
6.225777
7.424641
0.623278
-1.178320
4.019839
0.217745
-0.584611
1.612763
-6.190143
6.006662
-7.796830
-3.600629
