-7.379002
-0.121794
5.131993
2.382382
2.629398
5.873066
5.113409
2.350451
-3.415782
-5.185268
0.042018
-0.733899
5.487005
9.704753
9.919370
1.130881
-0.660691
4.544678
1.747014
5.946339
10.142678
8.336056
5.526497
-4.285976
3.898662
6.080436
2.259368
-1.564515
0.608809
-1.220635
-3.052822
-5.887729
-5.725332
-1.565606
1.591474
0.745930
3.897788
8.047071
4.193804
1.338012
4.479717
-3.381055
-0.244281
5.890065
3.022005
3.151564
-0.721233
3.403637
8.526200
0.646478
4.764496
7.880279
-3.006149
-0.894765
1.214456
-0.678462
16.426506
10.529384
-0.369805
7.728964
3.825716
3.920473
3.013262
-3.895895
5.193027
2.280053
4.365206
0.448510
-0.470010
7.609671
11.687575
6.763728
9.838153
10.910876
15.981919
19.051307
21.119065
19.185217
22.249786
21.312797
19.374275
14.434243
14.492725
15.549746
22.605331
10.659502
21.712285
15.763704
19.813782
14.862544
2.910015
9.956218
4.001177
4.044918
9.087463
5.128837
6.169065
6.208171
6.246178
-4.716888
7.318995
-1.660872
-0.641547
6.376929
-4.605499
5.411102
6.426652
0.441632
-2.543459
6.471503
9.489335
4.510069
-1.466272
4.560330
-8.410120
7.622379
-1.342183
-0.303823
5.737433
-3.218450
10.828487
-1.114583
0.944540
-1.994185
-0.930807
-1.865386
4.202007
5.271289
-4.657631
5.415144
0.489500
-2.437527
2.632411
-1.300650
-1.236629
5.824545
-3.117136
5.938308
0.990836
8.040398
0.086922
2.130325
12.170505
10.204884
11.232722
1.256641
18.276782
8.293267
5.306203
14.316623
16.325987
13.334442
10.342120
15.349139
13.355599
9.361587
18.367177
15.372424
21.377371
14.382048
11.386467
22.390628
13.394835
15.398476
7.401225
11.403037
11.403852
6.403592
6.402170
16.399479
13.395401
4.389801
10.382530
11.373425
15.362305
8.348977
7.333232
5.314845
6.297227
9.281492
5.267592
12.256007
1.247010
8.240163
5.233637
12.228050
3.224235
9.222255
10.222161
10.223992
2.227776
9.233531
0.241263
9.252734
-0.731648
13.288168
1.312224
16.340555
-2.626815
3.410131
6.451398
9.496986
0.546883
-1.398931
4.659516
-7.277815
7.789032
14.860000
8.935025
1.014037
-0.903168
4.180932
9.266346
10.352830
3.434518
-2.488380
7.584331
7.652826
-1.282735
0.777791
4.834532
7.887597
-1.062920
3.983056
4.025587
8.064715
9.100468
3.132854
7.161867
10.187483
2.209659
0.228337
8.243442
14.254878
5.262534
2.267280
1.269964
11.270404
4.260470
-0.759334
8.211446
3.173829
3.128669
1.076361
4.017265
5.951709
13.879986
7.802362
3.719068
15.630310
1.536263
4.437075
10.332867
12.223731
-1.890265
4.990918
0.867297
9.738859
8.605567
4.467357
15.324142
-1.824195
0.022207
5.863180
-7.301470
0.529340
0.360584
3.192350
7.024709
5.857719
2.691422
1.525846
-4.638995
-0.803100
4.036827
2.881232
-1.269821
-0.416279
-5.558098
-1.695244
1.172306
-6.955435
0.921535
8.803513
3.689339
5.577522
8.468405
4.362315
8.259559
-2.839575
7.065185
0.974094
2.887388
9.805287
5.727996
5.655703
2.588577
2.526776
5.470439
0.419690
8.374639
10.335377
1.301985
5.274525
15.253045
9.237578
13.228143
9.224743
4.227367
16.235987
5.250564
2.270946
2.295909
3.325421
9.359432
3.397878
3.440679
8.487741
3.538951
2.594181
16.653290
2.716116
4.782485
10.852203
4.925061
0.000833
3.079276
5.160127
9.243109
6.327924
4.414256
8.495505
1.574338
3.652620
2.730574
3.808401
2.886283
9.964377
5.042586
9.120841
15.199260
10.277940
12.356957
10.436369
6.518806
13.605180
4.695634
8.790298
7.889284
10.992692
13.100605
15.213092
15.330210
17.451999
24.578485
31.709681
38.845585
38.986182
54.131441
73.281319
69.437174
91.599150
103.767854
123.942602
130.123345
124.307957
128.496449
108.688840
81.885135
65.085322
50.289371
30.497239
21.708863
16.924168
8.143058
10.365425
3.591142
0.820005
-7.948203
2.286349
-4.476527
-2.237035
2.004604
0.248151
1.493765
-0.256914
2.995958
2.252214
1.511671
9.773133
5.036315
2.301042
2.567121
2.834346
0.102497
-0.628682
-1.359661
4.909300
7.177352
3.443804
4.708389
7.970824
0.230808
-3.511979
3.741116
1.988926
3.231207
3.467694
1.698096
-1.077898
-5.860625
6.347836
2.547111
7.736858
0.916070
1.090572
0.260378
7.425491
-0.414101
6.741575
9.892483
10.038569
5.179769
11.316004
20.447182
22.571933
26.685806
26.789004
23.881706
15.964063
25.036205
16.098233
22.150228
13.192247
22.224323
14.246467
13.258668
13.260891
7.253224
6.244082
4.233617
11.221974
7.209292
7.195698
5.181312
6.166244
3.150592
9.134446
6.117884
2.100973
8.083769
2.066444
-1.948469
5.039160
3.029450
4.019329
-1.992724
-1.006287
-1.020962
-7.036376
-1.052181
-4.068051
-2.083681
-0.098789
-2.113113
-6.126412
-3.138463
-6.149065
-0.158034
-2.165204
-6.170431
-5.173583
-5.174551
-0.173241
-2.169576
-3.163496
-8.154959
-8.143939
4.869574
5.885575
-6.095962
-2.075074
1.948182
-6.026264
-0.998500
-6.965762
-6.926471
2.119416
-1.828068
-5.768903
-2.703077
-0.630593
-3.551461
2.534295
-5.373359
-0.274466
-4.169085
0.942720
5.060869
-2.814726
4.315834
4.452439
1.594966
1.742406
11.892804
4.046134
3.202354
5.361407
4.523222
6.687713
-1.145218
-1.975686
3.196182
-2.629939
7.545621
10.722710
8.901160
7.080787
4.261346
11.440345
4.617656
8.793131
8.966607
14.137907
15.306834
17.473777
17.638784
9.801646
19.962137
17.120015
6.275018
7.426871
22.581864
7.740305
11.902181
15.065816
5.224303
6.378139
14.527791
14.673694
8.816252
12.955845
16.092824
15.227233
14.358437
7.486819
18.612734
18.736509
10.858442
16.978804
5.097843
12.215779
14.332910
6.450620
4.569114
-3.311425
7.809167
4.931031
8.054288
1.179041
10.305372
2.433343
1.562999
2.694363
4.827442
5.962225
5.100850
7.243399
-1.610091
3.540404
-2.305107
3.853367
3.015805
1.182171
-1.647589
-2.473539
-0.295762
6.885646
-0.929360
-1.740593
5.452030
0.648377
4.848304
-3.948345
2.257283
0.465048
1.674797
-2.113641
4.098477
-8.689292
10.523942
-0.261818
1.953302
1.169157
-5.614411
0.602426
4.819479
6.035378
0.248796
2.460214
-3.330022
6.877990
1.084138
0.288292
3.490330
0.691318
5.892367
0.093404
2.294169
1.491345
0.685025
-3.124719
2.062164
2.245705
-2.574083
5.602793
-1.223693
7.946413
0.113048
3.276129
6.435556
8.591199
6.742907
12.890524
15.033879
13.172779
8.308346
9.445037
15.582845
3.721752
9.861730
9.002740
14.144731
15.287581
10.431159
18.575388
8.720195
14.865709
16.011829
14.158441
16.305421
14.452634
15.599933
14.747160
11.894146
15.040710
13.186660
21.331793
18.475894
21.618737
16.760085
25.899690
17.039081
23.178077
21.314683
21.447843
21.580867
18.715036
20.849108
9.983269
15.117693
12.252548
13.387990
6.523385
19.659708
9.797086
0.935634
2.075456
8.216648
5.359293
5.503467
2.649233
3.796645
-4.054254
3.096570
-1.750862
-2.596538
5.558536
0.707885
-7.148028
1.991226
-1.873953
2.256808
0.383851
8.507492
0.628022
-1.254292
-6.139209
2.973488
0.083997
2.192488
0.299114
-3.595996
3.507265
-3.391013
2.709236
-0.191941
-3.094517
-1.998485
-2.903858
-0.810668
3.281033
-3.628825
0.459666
0.547318
-2.364005
-4.274301
-3.183583
4.908122
2.000771
-1.905692
-0.811340
-0.716404
9.378553
7.473634
-1.432299
2.660598
-0.247720
-2.157313
1.930191
2.014638
-0.903981
1.174307
-0.750547
-1.678610
2.390031
-3.544730
-0.483020
4.575015
3.629213
4.679388
-5.274664
-7.233165
-7.196359
-1.164508
-3.137896
-5.115877
-4.093009
-1.069179
3.955723
-5.018207
3.009122
-0.962213
3.067859
3.099690
-1.865655
2.171876
-2.787671
2.255740
-1.697862
-2.648459
-0.596043
3.459386
-0.482182
8.579232
5.640337
1.701117
4.761705
0.822218
7.882808
4.945941
7.011787
-2.919498
7.152228
10.227093
2.305211
7.386681
12.471589
5.560009
5.651781
10.744932
6.839632
7.936034
6.034272
9.134461
4.236701
10.341073
13.447641
9.556452
16.667537
14.780910
22.896568
21.014493
12.134647
16.256981
15.382447
15.511014
15.642631
11.777238
13.914755
16.055090
14.198136
20.343772
10.491860
4.642248
10.794771
13.949247
4.105479
8.264484
7.427323
15.593878
8.764020
9.937607
7.114487
4.294495
5.477053
1.661135
-0.153409
1.030045
-3.788627
-2.606049
1.577879
3.763246
-1.049875
-6.861421
-1.671343
2.520394
-1.286186
-1.091072
-2.894268
-5.695789
3.504339
-4.293927
-1.090638
-0.886124
-5.682803
-1.480625
0.720445
2.920425
3.120432
-1.679206
2.521536
1.722670
-5.075809
-0.873856
-2.671440
3.531394
1.734587
-6.061935
-3.858359
-0.654844
-1.451505
0.751280
2.952580
-3.848452
3.348089
-2.457911
-5.266584
2.921923
5.107445
8.289798
1.468782
7.644178
1.815751
2.983291
8.148417
3.312895
-0.525209
0.632295
2.785485
4.934417
8.079133
1.219666
2.354617
5.485594
-1.387438
3.734708
-1.148823
7.961978
2.067105
0.166527
5.260197
7.348047
4.429988
-4.494085
3.575700
11.639197
3.696241
1.747708
3.800295
3.854058
-1.090953
1.965303
2.022858
3.081735
5.141947
3.203499
0.266385
-2.669530
-2.606049
-1.543569
-7.482023
-6.421353
4.638482
6.697294
-3.246917
-1.194008
-4.143854
-1.095607
-2.047711
0.000000
6.047672
3.095437
-1.856588
3.194605
1.245657
9.296622
-0.652460
5.398436
1.449326
1.500209
-1.448925
4.601898
1.652643
-1.296742
4.753683
0.805136
4.857718
4.911394
-5.033880
-0.976530
-0.916397
-0.853489
3.212179
1.253744
1.295537
6.337600
6.379975
2.422705
2.465832
8.509397
1.553444
0.598014
-0.356850
5.688894
-3.264713
3.782373
-4.169806
0.878791
-4.071793
-6.021515
1.029666
-2.918208
-4.865093
-4.810949
-1.755732
-5.699401
-3.641913
-1.583226
3.476702
7.537914
0.600451
0.664356
-4.270329
-1.203561
-4.135299
-1.065500
-1.994122
0.078877
1.153539
0.229907
5.308023
2.387929
-2.530332
4.553281
-3.361189
-1.273701
1.815789
-0.092677
3.000942
2.096689
1.194606
-4.705265
-2.602881
-2.498200
-5.391180
-5.281779
3.830045
1.944335
-1.938867
0.180481
-2.697578
2.426997
-3.445751
4.684219
-2.183049
-4.047513
-6.909132
-1.767863
4.376337
-2.476492
-1.326306
-2.173063
-1.016721
0.142763
4.305429
1.471322
-3.359518
-2.187047
1.988775
-5.832007
-3.649353
-5.463220
-3.273565
-2.080347
1.116477
4.316948
-1.478890
6.729004
0.940673
2.156158
-3.624497
-2.401251
1.825938
-3.942887
1.292316
-0.468411
-6.225025
-0.977485
4.274252
-4.469772
4.790485
-3.944934
0.324013
