9.442296
7.799579
29.148950
22.490483
15.824250
22.150322
9.468773
20.779676
3.083102
12.379124
16.667815
11.949247
17.223493
12.490625
9.750716
13.003838
13.250063
17.489465
13.722116
1.948087
12.167453
17.380285
18.586655
11.786637
5.980302
17.167724
13.348974
14.524126
12.693251
-0.143577
9.013714
4.165195
11.310941
1.451023
5.585513
4.714485
18.838011
1.956163
6.069013
5.176635
-8.720899
8.376483
5.468854
10.556287
11.638853
15.716625
1.789676
18.858079
11.921905
10.981228
13.036120
5.086653
10.132900
14.174933
17.212825
16.246648
19.276476
11.302379
11.324432
8.342706
16.357274
15.368208
13.375581
9.379465
17.379934
4.377059
18.370912
14.361567
21.349097
14.333572
19.315066
13.293652
27.269402
22.242388
22.212684
33.180360
37.145491
38.108148
33.068404
39.026331
39.982003
31.935491
21.886867
17.836206
15.783578
24.729057
24.672715
25.614624
20.554858
15.493487
24.430586
28.366227
19.300481
10.233422
20.165122
12.095653
8.025089
15.953501
4.880962
5.807545
8.733321
10.640945
6.552972
2.469433
14.390364
-5.684201
12.244714
8.175615
0.108638
3.043910
9.981558
4.921700
7.861807
-9.198225
-5.258137
-8.317680
3.623382
-4.434722
-2.491779
0.452418
2.398062
12.333158
2.270582
7.210535
4.153207
-2.901228
1.047396
7.999230
8.954412
-2.086931
-2.124683
0.841258
-1.189019
1.784565
-1.237924
7.743568
-2.271478
-2.285568
5.701483
0.689844
-0.320336
10.671077
6.664202
11.659138
7.655971
10.654767
11.655579
7.658441
6.663374
14.670379
3.679443
11.690537
13.703613
12.718611
13.735451
16.753664
25.772916
20.793101
35.814100
28.835774
18.857968
14.880507
17.900419
36.919984
21.938961
15.957091
23.974093
23.989666
17.003491
13.015225
24.024504
23.030940
18.034124
7.033621
6.028971
2.019690
3.005263
21.989108
2.973693
3.959105
6.945420
3.932704
6.921015
-4.089601
-8.099108
0.892521
-2.114699
-3.120762
4.874328
4.870573
3.869165
9.870105
10.873387
20.878993
7.886899
6.897068
5.909457
7.924982
5.944605
13.968336
8.996175
18.028113
8.064134
-1.895787
-3.851683
1.196404
7.248427
5.304327
9.364039
5.427493
15.494608
2.565298
8.639470
9.713086
8.782518
6.847928
7.909461
8.967243
14.021385
9.071980
3.117036
-1.843844
1.189488
10.217164
1.239260
1.255511
1.266014
7.270843
-4.729941
7.263700
2.251789
7.234267
-0.788939
9.182143
6.147464
14.106817
-2.940089
1.999432
4.925802
3.839394
15.740528
0.629482
8.506548
15.372218
3.226666
5.070514
-6.093257
3.735636
5.557446
13.372398
-3.819311
-2.017510
1.777943
-9.432833
-1.649748
0.130479
1.911484
9.692361
3.472045
1.251011
4.029704
-6.191453
3.587937
3.368245
7.149823
1.932996
-1.281928
3.505333
11.294178
-4.915831
12.875654
-7.331041
4.464382
0.262197
16.062656
5.865984
-4.327612
-9.516055
-4.699098
1.123480
1.951880
4.786282
10.626847
-2.526281
7.327023
5.186864
9.053330
-2.073509
3.806400
3.693091
-2.413419
3.486869
0.393938
5.307753
2.228260
0.155390
4.089055
7.028303
1.972484
1.921031
7.873899
4.831020
13.792307
13.757648
20.726912
12.699945
7.676090
20.654937
-0.361938
6.625472
7.617154
1.613080
4.613205
6.620244
9.634616
9.656371
15.685546
11.722103
8.765996
10.817228
10.875788
5.941653
13.014787
10.095139
6.182647
4.277235
12.378813
9.487278
0.602515
6.724394
-2.147227
-2.012503
12.128395
9.275287
2.427975
10.579857
14.730145
21.880209
5.034199
17.192470
19.355348
26.523139
24.696127
18.874572
21.058169
27.247056
14.441484
15.641679
20.847847
23.060173
14.278820
31.503932
32.735634
40.974029
34.219203
44.471222
59.730134
63.995968
82.268733
94.548423
109.835011
143.128453
174.429020
196.736286
198.050152
198.370503
183.697203
154.030100
133.369022
102.713782
80.064052
51.418621
43.777306
26.139903
9.506188
10.875916
-4.751179
-6.375384
1.003060
1.387116
4.776635
-0.828543
-0.428596
-6.023715
3.385893
-4.199993
1.218390
3.640790
4.066939
17.496556
10.929343
-3.635013
-8.196843
-5.756490
-4.314316
-1.870697
-1.425639
-0.979286
3.467961
1.915685
-4.636549
-9.189192
-4.742714
5.702396
-6.854368
7.586468
6.024359
-4.541262
-7.110980
-2.685404
4.734837
-0.850910
4.553072
3.945926
3.331186
2.712325
-5.910817
-5.538409
-1.170633
14.192320
7.550246
10.902932
13.250153
21.591674
29.927249
25.254388
28.568041
28.863389
39.140869
39.400872
31.643749
34.869813
33.079403
32.272829
16.450305
12.612014
26.758110
12.888830
21.011864
22.127477
17.235922
4.337436
18.432241
15.520545
16.602540
7.678404
15.748299
10.812372
1.869315
11.918425
6.959982
2.994240
7.021430
1.041763
8.055424
9.062579
6.063374
0.057931
6.047622
6.034075
8.015725
3.994355
-0.029253
-4.054821
-3.082005
-1.110439
-3.139443
-1.168717
-7.197982
-3.226067
-2.251922
-2.275291
-9.295932
-4.313620
-5.328144
6.659572
-3.350365
6.642422
-6.361811
-3.362825
-1.360399
-10.354333
7.655558
-2.330558
5.687468
-6.290228
11.736470
-0.232336
4.803440
-1.156133
2.889000
3.938878
7.993526
8.052951
1.117149
4.186100
9.259766
2.338099
2.421927
5.511812
2.608258
4.711241
10.820724
10.936658
6.058981
10.187621
0.322492
5.463497
-0.389474
11.763457
3.922158
2.086482
8.256272
4.431358
6.611558
7.796678
15.986513
13.180845
17.379507
16.582323
22.789046
18.999416
19.213160
21.429994
22.649621
23.871734
26.096010
30.322118
37.549710
37.778431
20.995429
15.200751
22.393707
18.573408
23.740337
21.894912
14.044176
25.189486
14.331400
17.470437
20.607082
23.741784
17.874961
27.007002
32.138268
14.269666
18.401644
25.535005
21.671446
12.811296
17.954864
13.102437
22.254283
9.410648
4.571762
15.737835
15.909058
11.085605
8.267631
9.455275
6.648660
10.847889
8.053051
0.264218
8.481445
6.703866
5.931519
-3.835530
2.402770
6.643959
11.887582
11.133993
-3.615561
5.639146
1.898311
-3.837892
-3.569276
8.704491
-3.016476
10.267914
4.557733
-7.146971
-2.846167
1.460152
-0.228024
-3.910727
-0.588005
-1.259930
-0.926589
0.411911
-6.244558
-2.896140
-4.542998
-0.185315
-9.823292
-1.457148
-4.087122
-7.713469
-1.336466
-2.956407
-6.573606
-4.188395
1.198873
-10.412174
-0.021928
2.369200
2.760776
-1.847653
9.543437
4.933550
11.322167
2.708744
6.092716
13.477280
12.862362
7.244891
7.624631
10.001332
10.374723
4.744518
20.110413
9.472085
12.829196
11.181388
14.528287
12.869499
4.204615
13.537565
29.873235
17.211467
18.551495
12.892493
21.234347
21.576936
20.920135
31.263263
11.603244
22.940120
25.273920
28.604657
28.932334
20.256939
19.578448
31.896824
34.212015
15.523957
23.832575
41.137778
23.439462
33.739026
35.037351
31.334353
33.629939
30.924004
22.216434
29.507104
32.795881
23.082618
31.367161
39.649344
30.928990
23.207684
19.485911
15.764292
16.041154
16.315380
9.589183
19.863296
4.137718
10.412440
7.687446
6.962710
5.238198
6.513869
7.789545
-0.941948
5.317325
-4.431621
1.811873
6.048418
5.278580
2.502891
4.721842
1.935892
-4.854533
3.350961
2.552741
1.751145
0.946485
4.139046
3.329090
6.516854
-0.297445
6.886382
4.068509
-0.750917
-6.571766
1.606070
0.782681
0.958039
-1.868786
5.302316
-2.528568
-10.361226
6.804487
-0.031396
-1.868862
-5.707917
1.451410
3.609075
0.765011
6.919133
5.071337
0.221499
6.369477
5.515111
5.658219
-5.201396
4.936048
9.070313
2.201145
-5.671732
13.451388
2.570192
2.684347
-7.206500
-0.102722
-2.004713
2.087113
0.172321
-5.749547
8.334147
-0.576644
-3.486944
2.602799
2.691686
-3.220029
1.867897
-1.044298
-3.956392
3.131831
4.220572
-0.689982
5.400348
1.491722
4.584291
3.678190
1.773543
-3.129542
-2.030970
-2.930659
8.171458
-2.724563
-6.618683
4.489127
-5.401120
7.710576
8.824202
0.939732
5.057126
7.175482
9.294758
10.414922
3.535927
10.657715
13.780209
11.902274
15.022781
18.141856
15.259606
7.378734
20.500058
17.623704
16.751041
22.883661
12.021754
23.165496
16.315047
23.470557
20.632159
21.799973
30.974106
26.154651
35.341688
26.535284
33.735492
23.942351
25.155891
24.376123
22.603051
22.836662
27.076932
23.323824
24.577289
21.837264
17.103674
24.376433
18.655439
6.940582
16.231735
17.528761
17.831511
7.139822
5.453519
5.772414
7.096308
8.424988
10.757576
6.091899
6.425369
2.757970
6.089665
0.420397
2.750094
-3.921338
7.405988
0.734797
-3.934920
4.395137
-8.275305
5.053828
0.382591
-6.288981
4.039131
-1.633074
0.694386
-8.978527
-4.651867
-2.325704
-7.000128
-3.675245
-4.351179
-0.028071
0.293922
1.614625
-5.066154
4.251953
-1.428137
-5.106496
7.216790
0.541623
3.867533
10.193906
2.520271
4.846391
0.172162
0.497468
6.822181
7.145356
9.465089
3.781347
3.094080
1.403221
-0.291314
8.010376
12.306623
2.597233
3.882161
3.161337
8.434675
0.702069
-3.036607
2.218503
-3.534061
-6.292995
1.941491
4.169167
8.389784
7.603077
-2.192148
4.002083
-5.813757
2.360830
0.525631
17.680474
3.825163
4.966907
6.109545
-3.746858
6.397764
6.543471
8.690324
9.838373
5.987666
3.138077
14.289171
4.441010
-4.406355
0.747116
5.901454
7.056679
-2.787202
8.369811
-3.472297
-9.313550
-6.153984
6.006355
-4.832593
5.329104
-3.508637
-2.345805
-0.181466
-5.015701
3.151394
3.313545
2.475936
-1.362531
15.798242
-0.041662
3.117830
11.276777
5.435225
0.593211
6.750757
2.907874
1.064562
14.220807
0.376586
-0.468137
4.686589
1.840707
-3.005854
7.146823
-0.701355
3.422144
-5.454826
1.667776
6.789992
-3.088136
5.033432
10.154737
5.275821
1.396726
15.517493
4.638162
5.758775
6.879374
0.000000
3.120694
-3.758503
-7.637549
-0.516403
-5.395023
-1.273369
3.848601
-0.029072
-0.906347
7.216819
12.340465
-5.535366
5.589367
-1.285295
-0.159311
-3.032639
-4.905239
4.222932
4.351915
1.481750
1.612480
10.744144
7.876786
-5.989554
5.145165
-3.719016
-5.582054
1.556091
-3.304540
-6.163904
5.978038
-0.878671
1.266010
-6.587879
2.559705
2.708803
-7.140544
-4.988295
-0.834409
-6.678843
1.478442
-2.362510
0.798339
5.961033
-6.874387
7.292119
3.460593
-3.368924
-0.196390
4.978235
5.154994
-1.666072
-1.484923
-1.301517
-0.115812
-0.927768
-8.737343
-4.544495
6.650816
-8.151368
-0.951005
-8.748055
-5.542477
-2.334228
-3.123268
-4.909555
-5.693048
0.526294
1.748513
-1.026350
0.201746
-1.567158
3.666980
-3.095798
1.144548
-4.611941
1.634778
4.884745
-3.861999
-2.605411
-4.345452
2.917922
-4.815250
3.455074
-5.271065
3.006376
