2.542533
-5.130262
7.192911
-0.487933
3.827219
-0.861617
3.445573
2.748803
14.048088
-1.656559
-0.365122
9.922412
6.206059
5.485832
6.761746
6.033815
2.302055
-2.433522
-2.172901
3.083934
6.336995
9.586299
0.831858
11.073688
5.311802
3.546216
-2.223057
-6.996001
-6.772604
4.447151
-2.336724
-9.124212
2.084699
4.290024
-2.508222
-2.310024
-5.115370
-0.924243
6.263370
6.447484
-4.371888
-0.194729
2.978973
-0.850767
3.316066
-2.520514
5.639507
5.796144
-5.050589
-3.900677
8.245894
0.389138
0.529070
-6.334295
13.799055
-5.070863
9.055964
5.179551
9.299911
10.417061
6.531013
4.641782
4.749383
-4.146170
-3.044862
1.053321
2.148392
4.240368
6.329261
7.415087
19.497859
14.577593
17.654302
25.728002
32.798705
38.866428
12.931183
25.992986
19.051851
22.107793
14.160825
30.210962
27.258218
21.302609
28.344148
30.382849
16.418728
25.451798
19.482073
19.509570
25.534300
16.556280
21.575523
8.592044
8.605857
5.616976
0.625417
6.631193
4.634318
6.634808
12.632677
8.574567
1.513791
4.450627
-10.614657
-4.681806
-8.750575
-3.820731
-9.892054
8.035667
9.962630
-1.110979
2.815018
2.740784
0.666474
3.592231
5.518187
3.444462
4.371167
-3.701599
-4.773747
-4.835509
-1.895545
8.046193
4.989741
3.935120
6.882342
5.831406
-0.217703
-0.265011
-6.310555
5.644686
-2.399507
8.556836
4.513674
-7.529045
-3.571390
6.386561
-8.657366
0.294743
7.242975
17.187396
12.129992
-0.928703
9.011451
1.950610
2.888917
19.826497
6.763460
15.699904
23.635911
8.571547
6.506865
13.441904
17.376686
26.309990
9.241754
35.172029
28.100851
22.028238
15.954192
29.878698
23.800761
18.721121
8.639703
20.556487
7.472607
10.388011
1.302634
12.216395
9.129199
9.040936
7.951480
3.859887
4.765862
16.673714
11.583612
10.495717
9.410174
5.327118
-0.753329
-4.831054
-2.905627
0.024679
1.960017
-6.099469
-3.153646
-0.202394
-6.245604
-1.283177
4.684975
5.658927
-2.361255
6.624481
8.616179
-0.386131
-1.382428
-1.372703
12.643042
-3.335206
0.692528
-2.273792
-5.234922
-2.191831
3.855479
5.906995
-4.037311
5.019260
-0.923321
6.134262
-2.808092
10.249740
-0.692139
9.366355
-1.574712
-2.515294
-5.455361
3.605096
-1.333932
3.727529
-3.210570
-10.148291
2.914536
-0.021867
-4.957588
3.107270
-4.827416
-7.761786
-4.695998
-4.630232
-0.563795
-6.493716
1.578518
0.652541
7.728397
1.806118
-2.114279
-0.032789
0.050579
-2.864195
12.222853
2.311675
4.402210
1.494383
-6.414512
-5.330276
-0.252480
-0.180731
-3.114678
2.945996
0.001574
10.052305
-1.901593
5.140065
-7.822566
3.210640
-3.760221
-1.735080
2.284188
10.296200
2.301898
-4.698192
3.296162
1.285148
-3.731089
-8.752445
2.221142
-2.810303
-2.846796
-4.888393
-1.931696
-1.973390
4.986759
0.948962
-0.086593
1.880265
-4.150319
0.821784
1.796680
3.774459
4.755189
4.738920
5.725684
-1.284506
2.708346
0.704216
-10.296936
4.704831
12.709635
6.717582
2.728581
4.742525
10.759289
-4.221267
-0.199302
3.825011
1.851480
-1.119494
4.915804
-8.040776
10.011110
0.071478
5.140333
8.216729
19.300277
14.391010
12.488946
24.594094
13.706175
7.825098
21.950857
14.083431
11.221881
-5.635232
10.512144
7.664052
20.820518
7.981555
25.147161
8.316460
13.485455
3.654426
13.823628
1.993287
6.163603
12.334752
-7.493115
9.680127
7.854581
25.030328
10.207424
14.385902
4.565776
8.747036
8.929649
12.113563
19.298703
17.484972
13.672252
21.862595
12.058135
26.258825
5.464682
21.675718
23.891936
26.113321
25.339842
9.571418
17.807981
31.049462
24.295761
30.546771
29.802380
34.062463
43.326879
51.595052
52.866834
78.142320
78.421468
105.704222
132.990510
155.280244
181.572805
195.868546
201.167336
204.469026
187.773456
153.080449
131.389813
101.700858
79.013387
54.327187
30.642757
24.960051
14.279656
1.603289
1.930856
6.262253
0.597364
2.936061
3.278202
-2.376365
-2.027805
-4.676294
-4.321494
0.036448
-4.602661
13.760977
10.127148
19.495625
8.866170
4.238531
-1.387553
5.987642
-3.636171
3.740378
1.114928
2.487244
0.857076
-9.775841
-4.411786
-3.051055
-1.693959
-1.340078
6.011277
-3.640153
0.705364
-0.952456
3.389519
4.731295
-1.927287
9.413602
-0.246214
2.093077
0.429305
0.761340
4.089094
11.412467
-2.271634
10.036235
15.336070
14.627856
20.911561
29.183253
29.440585
24.683919
31.913583
41.129870
29.333046
44.523344
42.700968
36.866097
25.018878
27.159436
24.287868
15.404245
15.508616
22.601001
20.681401
12.748101
25.800573
12.838921
19.860923
12.865275
17.852373
13.825300
11.790591
7.748773
10.700335
5.645730
9.586215
2.522456
-8.545140
5.383805
5.309641
-6.767303
12.153272
3.071646
11.988075
9.904803
5.823707
-0.254987
-9.331066
-2.404327
-3.474714
-3.542093
-10.606293
-1.667254
-5.725815
-7.781770
-10.834928
5.114883
-10.932181
-10.974445
-4.011298
5.957445
-2.068044
1.912391
3.898890
-0.108419
2.890576
-8.104029
2.907850
6.926284
-1.048674
0.983018
-2.978612
-5.933550
12.117560
4.174631
4.237679
-6.693295
8.381696
6.462625
6.549451
11.642116
-0.259449
3.844671
4.954378
7.069558
11.190085
7.315818
3.446601
8.582265
8.722627
7.867491
5.016643
10.169858
2.326895
15.487502
6.651407
10.818328
5.987966
6.160960
6.338549
15.520519
5.706648
2.896701
7.090432
12.287586
17.488796
20.698046
7.915211
9.138764
12.367676
16.601905
17.840222
27.074672
21.301610
17.521957
12.736556
20.946176
20.151521
17.353237
13.551919
20.748113
9.942321
20.135005
7.326586
8.517451
12.707953
16.898412
18.089118
20.280330
16.473264
21.668593
24.866556
15.067364
17.271205
4.478534
15.689596
16.904525
10.123435
19.346418
12.572337
8.800862
7.032595
7.269048
12.510411
6.756850
-0.991492
0.265508
-0.472049
6.795918
0.069470
7.348649
7.633476
11.923953
9.220064
9.521775
7.829541
6.143317
1.463038
-4.211120
3.120818
-0.541181
3.802769
4.152538
11.507982
1.868939
5.235230
-6.393340
-0.016889
5.364373
-3.249793
2.140357
2.534551
-11.067500
1.333941
-2.261436
-3.853969
1.555159
-3.034654
-0.623750
-11.212488
4.198752
2.609922
3.022794
-0.563023
-2.152088
-9.746024
-0.344810
2.051552
-1.556968
-0.170427
0.211095
5.587492
8.958634
-3.675635
7.684506
-0.961146
8.387181
8.729236
6.064743
7.393403
10.714891
12.028861
7.334937
8.632723
8.924932
16.211885
9.493350
13.769077
5.038798
7.306318
10.574147
18.842179
7.110303
9.378396
11.646329
16.913965
21.181157
22.447748
10.712845
27.976309
13.236820
16.493818
26.747205
21.996883
20.242735
21.486410
18.728450
19.968750
21.209612
29.452565
20.697464
23.944167
19.192536
26.442434
37.693720
30.946254
38.199891
34.454480
32.709867
24.965890
23.224441
26.486479
34.751689
29.018216
25.285431
31.553376
30.822083
18.091573
15.360898
18.631094
5.902155
10.174067
10.446808
11.720444
17.995977
7.273384
6.552640
-0.166499
3.107766
0.375894
-7.362314
-1.109373
4.135476
4.372933
0.603635
-0.171830
-4.952924
0.260848
-1.530062
1.674762
-10.124302
6.073091
-1.732746
-0.541531
-2.352335
-3.164787
10.021344
1.206263
5.390152
0.573168
-0.244554
6.937099
0.118215
8.298865
3.479097
1.658937
-0.161606
4.017454
-0.803914
1.374237
-5.448024
-1.270735
1.906004
3.082073
7.257334
6.431631
4.604788
7.776612
9.946891
-2.884604
4.281877
4.446067
-1.392319
5.766413
0.921941
-1.926078
2.221993
4.365773
-3.495138
2.638837
0.767256
0.889658
-1.993201
-4.874862
-9.751056
-1.621927
-1.487599
3.651817
-1.203778
-3.054482
-8.900385
-7.741581
-4.579128
-2.413831
1.751616
0.915438
-0.922123
4.239154
6.399477
-1.440964
-8.281994
2.876548
-4.965197
-0.807100
9.350951
2.509053
-6.332713
1.825721
-0.015594
1.143378
7.303931
1.466599
4.631415
6.798401
13.967568
8.138912
12.312419
12.486002
0.658915
3.832748
10.008667
15.186866
14.367522
16.550795
11.736825
13.925740
8.117647
11.312640
22.510795
15.712173
21.916820
18.124766
22.336026
28.550598
29.768467
19.989604
29.213963
21.441484
21.672092
30.905698
25.142198
24.381475
25.623395
18.867812
25.114563
23.363472
19.614348
23.866987
19.121168
13.376656
27.633203
17.890544
24.148400
21.406477
8.663291
10.921782
14.183580
2.448556
5.715245
5.983719
7.254040
6.526255
5.800403
-0.925273
-2.651046
18.623209
1.897604
0.172233
2.447176
6.722497
2.998245
-3.725544
-0.448852
2.828326
-5.894020
-4.615915
-10.337396
-0.058518
0.220652
-0.499968
5.779525
2.058483
0.333869
2.605759
-3.125791
-3.860750
7.400896
-3.339981
-7.083086
9.172347
8.426334
1.680106
0.933763
4.187327
8.440806
-2.305812
7.947447
-1.799458
6.453414
8.705989
8.958180
8.209880
7.460970
8.711315
8.960763
11.209147
7.456287
0.701985
2.946029
3.188190
8.428225
8.665026
3.897369
4.125059
4.348003
5.566658
5.780145
-3.011844
3.190059
2.384238
-0.429529
-0.251390
-6.081512
2.079915
-0.767318
5.376554
2.511278
1.636579
0.752376
-1.133057
6.980279
11.093032
8.208730
12.327335
10.448807
3.573113
0.700223
6.830105
3.962729
4.098060
6.236060
2.375792
5.515693
-9.346491
4.789442
-8.077532
-0.947621
3.179458
3.303965
-1.573859
-3.453793
1.664364
-6.219205
7.895936
-0.988289
-2.871671
-5.754014
3.364858
6.485106
6.620510
-2.242899
-4.105046
0.034134
3.174690
-6.683341
12.460065
7.604919
2.751218
2.898948
2.048081
-3.801423
5.350384
5.503436
0.657658
-0.187042
-0.030764
2.126377
6.284195
2.442493
0.566054
6.689660
-7.186651
1.937158
0.061124
-4.814716
-0.690326
8.434332
8.559295
-1.315401
4.810281
-0.063621
-3.937070
0.189970
-1.682464
7.445666
4.574396
-0.296237
-0.166196
-5.035443
0.096058
0.228343
2.361451
-2.504582
0.630281
-0.233924
-2.097158
1.040614
-9.820569
-5.680673
-7.539658
-4.397489
-2.254128
-0.109538
7.036317
6.183475
1.331972
-7.518154
-2.366867
-3.214130
-1.059905
1.095843
5.253154
-8.587938
-6.427395
6.734821
0.898746
10.064416
5.231870
1.401144
2.572274
-4.254701
-2.079746
-5.902823
-0.723895
1.457074
2.640122
-4.174714
-7.987397
-8.797891
0.393841
-0.412163
0.784133
-4.017233
4.183775
-4.612806
-3.406938
8.801415
4.012290
-2.774276
4.441754
-6.339583
-4.118249
-1.894209
2.332575
-3.437860
0.794524
-3.970239
-0.732109
1.508949
-2.247027
0.000000
3.250066
-5.496791
-1.240534
-3.981127
0.281467
2.547286
-7.183634
2.088744
7.364458
2.643544
2.926039
-1.788019
-3.498595
-1.205650
-7.909148
3.390947
-9.305326
-8.997932
