10.287019
3.527198
-3.236901
2.994766
2.222248
-2.554411
9.664837
10.880038
0.091239
5.298485
6.501824
15.701301
7.896963
8.088858
3.277030
9.461526
15.642394
14.819679
-0.006572
2.163687
3.330502
-2.506079
2.653989
8.810754
1.964260
3.114556
-1.738313
15.405699
-1.453360
-3.315444
3.819492
-7.048504
-0.919386
-1.793108
-8.669623
-10.548885
-1.430847
-8.315463
-10.202686
-12.092470
0.015231
1.120464
-3.776725
-1.676289
2.421818
1.517642
-6.388769
-6.297370
2.791887
-11.120954
4.964155
9.047261
-1.871591
-0.792353
5.285020
6.360574
-5.565642
8.506416
-7.423205
-4.354457
0.712704
-1.221674
-3.157545
6.905138
4.966420
8.026349
14.084971
11.142331
3.198478
12.253457
24.307314
8.360096
14.411850
17.462621
22.512457
18.561404
18.609507
26.656815
31.703372
22.749226
19.794423
10.839009
24.883031
7.926535
23.969568
19.012176
14.054405
22.096303
27.137915
16.179287
8.220468
14.261501
5.302435
3.343316
7.384190
-3.574897
2.466102
-1.492766
-5.451456
-0.409921
3.631887
4.642272
1.655874
-1.327194
-7.306829
-8.282931
0.744592
-1.224176
-3.189159
4.849714
-4.107496
1.939264
-5.009960
5.045444
7.105649
-3.829308
-7.759396
-5.684590
1.395123
-4.520246
4.569302
-10.333637
-12.230658
-5.121787
-2.007057
-6.886512
4.239795
3.371802
3.509439
-4.347375
-4.198730
5.954217
4.108697
2.264507
-1.578324
-9.419819
-0.260217
-2.099518
2.062268
-6.774884
5.388991
7.553843
12.719611
-0.113781
12.053581
10.221596
11.390152
16.560401
13.732270
14.905671
19.080507
19.256670
10.432776
12.607838
24.781793
9.954560
25.126047
25.296145
15.464736
12.631684
10.796841
10.960045
23.119624
13.276675
21.430586
10.579347
18.722802
25.860779
5.993086
10.119514
18.239837
15.353810
9.461168
13.561628
8.655682
-1.256370
10.825223
9.900198
14.968274
7.028106
2.085610
5.140814
-8.806267
20.244373
-4.707268
4.338703
-2.617975
7.422679
-7.539339
-1.503822
7.529193
2.559661
14.587524
4.612716
3.635163
2.654778
-1.328535
8.684365
-2.306546
3.700284
9.704565
8.706295
13.705468
13.702065
13.696008
5.687816
11.678705
7.667790
13.655129
-12.359231
13.624750
9.607099
3.587838
7.565091
7.535283
0.498517
2.455029
4.404134
6.346052
3.281031
1.209300
12.131074
3.046547
15.955897
12.859286
3.756857
-5.351263
-2.464963
1.415850
-9.708747
-0.838694
1.026053
11.885520
3.738118
3.583641
10.423703
1.258553
5.088306
4.913060
2.732898
0.547890
-1.649606
4.140889
6.919971
5.688184
-8.553969
0.193968
5.932415
2.661751
-0.617681
-0.905571
9.798353
7.494333
-1.814206
3.876508
-3.433094
-4.742599
-4.051618
-5.359780
-5.666733
-4.972146
-7.275704
-10.577111
0.123911
-6.172379
-8.465736
4.241828
4.947982
-3.346658
-6.641522
2.063918
-4.229847
-5.522364
-11.813214
-7.102009
-11.388396
-7.672048
-3.952667
-2.229986
-5.503759
4.226229
-7.039828
-11.301763
-5.559432
-6.812712
-11.061507
-11.305634
-1.543532
-1.774191
-5.994031
-7.202812
-9.400310
-1.586314
-10.760633
-7.923087
-2.073513
-3.211762
-7.337701
-6.451210
-4.552184
3.359467
-6.716181
4.220934
3.170861
10.133634
9.109273
8.097783
-0.900841
7.113378
-0.859596
4.178777
-6.771554
2.289414
-1.638392
9.443701
1.535703
4.637608
5.749391
13.871013
13.002419
2.143535
6.294272
0.454525
-3.375830
-1.196933
5.990857
-6.813072
-5.608883
-3.401455
-8.191786
-1.979729
0.234827
6.453073
-6.323229
13.906108
5.141241
-8.617694
5.629412
8.882648
10.142076
7.407737
23.679647
15.957803
10.242176
8.532717
2.829355
17.131995
12.440521
9.754796
15.074659
19.399929
24.730399
29.065844
39.407341
33.755647
45.110613
56.472072
62.839840
66.213715
96.593477
108.978887
135.369690
161.764769
182.161336
202.559270
199.958849
198.361818
154.768125
136.177694
103.590431
69.006220
46.424927
35.846394
15.271629
11.700727
14.133533
-4.430090
-3.990077
3.453370
-2.099967
-0.649120
-6.193997
-5.734783
-9.271684
-5.804919
-1.334723
-3.861351
4.614928
2.093827
-3.424957
5.058254
0.543124
5.029296
-3.483604
-5.995965
-2.508197
0.979271
-2.534007
1.952298
-8.561679
-5.076092
1.408954
-7.106947
4.375782
-3.143297
-2.664637
-8.188865
-3.719694
-12.256507
6.200390
5.650670
-3.906011
-4.470015
-3.041725
-3.619560
-3.200998
6.213776
-0.375440
1.032098
4.436246
-8.163194
7.232439
20.621794
16.004734
21.381112
15.750768
34.113628
42.469768
40.819006
28.161152
30.494947
42.811017
26.109900
25.391851
34.656871
24.905364
22.137683
12.354142
13.555010
14.740520
21.910867
13.066211
11.214768
9.356972
18.493085
7.623410
10.748317
10.868031
16.982758
4.092690
14.198001
-0.701149
10.395381
7.487717
4.575971
-3.338762
5.743792
4.823743
-0.098812
4.976210
0.048875
-9.881294
-0.814966
-2.752034
-2.692408
-2.636016
-3.584262
-4.535902
-6.487806
-1.439706
-2.391348
-3.342495
-8.292925
-5.242430
-3.189154
-6.132573
-4.072450
-10.008562
3.059298
-3.868676
-2.792306
0.288571
-9.625897
-0.535573
7.559663
3.659917
-13.234718
-4.124164
-2.008355
-1.887239
2.239221
5.371049
0.508258
3.650846
-9.201203
2.952084
13.110665
10.274487
7.443482
9.617572
-1.203336
7.980653
9.169421
6.362837
7.560759
6.763030
3.969483
4.179935
-5.605807
-3.387949
5.833288
8.059160
12.289553
-5.475716
14.763156
5.005962
3.252485
9.502494
-0.244249
13.012004
18.270991
20.532439
21.796064
20.061572
18.328656
28.596999
28.866273
26.136139
23.402390
18.663636
28.921420
28.176136
20.428147
17.675600
21.918755
27.157992
27.393665
19.626106
32.855622
30.082498
19.306996
27.529358
21.749805
16.968537
21.185734
34.401558
26.614942
18.825628
24.033849
16.239808
26.443690
17.645653
20.845835
16.042585
24.235431
21.426008
17.614624
15.801554
15.987042
7.171307
12.354536
7.536895
11.718521
1.899526
8.083442
3.270473
1.461014
11.655698
4.854697
5.058162
10.266227
8.479012
1.696615
0.919122
4.146600
-9.620899
-1.383341
-5.140704
-2.892984
2.359806
3.617641
-9.119521
-1.851737
8.420739
-10.302702
-1.022131
-4.737634
0.550685
-6.157288
-5.861686
-10.563826
-5.263867
-6.961920
2.341886
-6.354715
-11.052084
-4.750246
-3.449249
-4.149164
-5.850082
-13.552118
-10.255408
-6.960109
-5.666402
2.625449
1.914908
3.201745
4.485877
2.770489
11.055489
2.340770
6.626210
9.911670
0.196997
2.482023
1.766562
4.050297
2.332026
2.611581
9.888775
5.163406
5.434609
13.702074
8.965588
2.224922
14.479829
1.730042
18.975276
14.215228
8.449577
5.677981
9.901190
16.128565
14.359979
9.595310
20.834440
22.077251
21.323625
13.572044
21.821781
18.072510
19.324214
15.576867
22.830434
24.084871
21.340123
16.596127
26.852810
25.110086
29.367862
33.626033
24.884482
24.143085
27.401704
28.660190
23.918387
26.176124
18.433220
35.689486
23.944718
24.198703
20.451218
17.703760
17.959046
10.216066
14.474698
6.734812
-4.002886
1.261255
0.527195
3.794012
4.061732
-4.669629
-3.400060
-3.129327
3.139236
2.401292
-6.342632
-2.092567
3.150964
2.388550
-1.379257
11.848056
1.070969
-1.710075
-7.494659
-6.282400
-4.072940
0.134049
5.338871
-11.458196
0.743102
-8.057005
-0.858308
-3.660623
-2.463785
-3.267652
-10.072102
-3.877033
-0.682363
-10.488031
-0.293992
-7.100224
-2.906721
-5.713608
-6.523679
-5.336771
3.847252
-0.971506
-2.792963
7.382933
-2.443792
0.726866
-1.105116
-0.939787
-3.777217
3.382498
-10.460761
-12.307137
-5.156797
-3.009929
-11.866746
-6.727486
-1.592409
-4.461798
-4.335960
-7.215228
-12.099959
-3.990533
-6.883302
-2.772024
-2.656725
-5.537436
-12.414197
-2.287054
-8.156060
-8.021277
-8.882778
-8.740640
-10.594953
0.554185
-7.293332
-3.137623
-4.978813
3.182961
-3.652447
-3.485192
2.685831
-1.143108
-10.972545
5.197630
-4.632489
-6.462825
0.706683
-2.122065
-0.948197
-7.771660
5.407592
1.589583
11.773410
8.959119
13.146745
0.336311
7.527828
10.721294
6.916694
9.114002
7.312524
10.511947
9.712248
12.913390
14.115322
7.317981
13.521293
10.727450
15.935182
18.144488
15.355423
21.568027
31.782325
21.998329
33.216037
29.435434
27.656491
26.878567
31.098878
28.317565
26.534747
30.750522
17.964968
24.178144
19.391319
27.604633
12.818146
19.031900
30.248153
18.467342
18.689553
16.914858
20.143313
16.374962
4.609835
1.847948
11.089304
1.333893
1.581690
9.832660
0.086723
-2.657251
-1.399292
-1.139445
3.122235
1.385676
-6.349206
-1.082507
1.185662
2.453626
-0.280150
-3.014594
-9.749648
-1.485274
-9.221449
-0.957489
-1.694527
4.566277
-1.174341
-7.916196
-1.659123
-8.402984
1.852339
-7.893055
-5.639091
-6.385712
5.867117
-4.880588
-0.628829
-0.377930
-13.127950
-7.878935
-1.629483
3.620991
-1.127517
-2.875027
4.378424
-3.367214
1.888059
3.144494
2.400459
-0.344202
3.910500
10.164538
0.417865
0.670417
-0.077890
0.172846
2.422506
-3.329046
-2.081963
3.163584
1.407408
2.649302
-5.110957
-2.873610
-0.639218
-6.407619
-4.179111
2.045985
4.267336
-3.515415
-3.302640
-0.094683
6.109016
-2.691907
-9.498596
0.688378
5.868643
-2.958570
2.210871
-6.622931
-0.459660
-2.297933
-8.137273
2.022486
-5.818499
-0.660084
-8.502134
-7.344526
-2.187152
-5.029911
-3.872719
-5.715502
-2.558198
-2.400759
-3.243148
-6.085343
-1.927332
-2.769118
-5.610714
-0.452147
0.706544
6.865305
-7.977661
0.176926
-0.670877
0.479288
4.628579
-0.220022
-1.066386
5.089605
-0.751940
-10.590924
2.572743
-1.260865
2.908322
6.080360
-3.744706
4.433162
1.613988
1.797789
1.984570
-7.825674
1.367043
0.562694
-1.238755
-3.038587
-4.837911
-2.636737
-2.435074
3.767068
1.969679
2.172749
-3.623731
7.580229
-0.215381
-5.010570
-8.805348
-0.599726
-6.393712
-7.187317
-6.980550
-8.773421
-7.565939
3.641884
0.850041
0.058521
2.267314
2.476411
-3.314198
0.895477
4.105426
-2.684360
0.526108
-1.263178
-12.052228
1.158947
-5.629662
5.581935
-4.206271
4.005709
7.217867
5.430192
-2.357326
0.855304
-3.931928
-0.719032
-6.506017
-12.292893
-2.079670
-2.866358
6.347034
5.560496
-1.225983
-7.012410
0.201203
-2.585154
0.628511
-4.157812
-2.944134
-5.730464
1.483188
-1.303187
3.910400
1.123941
-0.662576
5.550842
-2.235817
-1.022562
5.190597
3.403651
-6.383410
1.829404
0.042083
-2.745382
0.466999
11.679216
0.891259
-0.896881
-6.685215
9.526249
2.737501
-6.051470
4.159327
-1.630118
-2.419814
-10.209771
0.000000
-4.790509
3.418691
2.627591
-1.163819
4.044452
0.252393
-0.540006
0.667247
-1.125858
-3.919333
6.286815
2.492575
1.697937
1.902892
2.107430
-5.688459
4.515215
-10.281557
