16.664111
11.611251
20.558692
13.506443
17.454517
13.402924
7.351674
21.300778
15.250247
20.200091
16.150321
14.100948
13.051983
16.003435
14.955316
6.907636
18.860406
6.813637
5.767339
9.721524
5.676201
7.631381
6.587075
1.543293
1.500047
0.457347
1.415204
2.373628
-0.667371
5.292219
-9.747591
3.213208
4.174628
1.136679
6.099373
1.062718
-1.973273
6.991410
3.956777
-4.077161
2.889607
-1.142908
-9.174696
1.794254
-3.236048
-4.265591
-7.294364
1.677644
5.650443
-2.375957
-5.401544
4.573692
0.549762
1.526676
11.504446
12.483081
1.462592
-3.557009
1.424287
-1.593508
1.389616
-2.626331
0.358663
10.344608
1.331514
-3.680607
4.308255
7.298111
4.288971
10.280846
7.273747
13.267684
24.262667
19.258709
26.255819
24.254008
18.253286
21.253665
26.255155
27.257766
25.261509
26.266396
17.272436
20.279640
17.288019
24.297584
18.308345
21.320313
15.333498
27.347912
25.363565
15.380467
13.398629
10.418062
7.438777
0.460783
7.484093
-2.491284
5.534663
6.561945
-2.409427
-3.389780
9.635802
6.667320
1.701792
-0.261207
-0.221535
-1.179058
-3.133653
-8.085206
4.966386
-5.978781
-8.920624
-4.859066
-1.794043
1.274501
-3.653388
-4.577672
2.501675
-7.415330
9.671320
-2.249716
-2.167259
-1.081328
-5.992456
8.099210
-8.807152
3.288517
0.386264
4.486119
7.588104
1.692225
-2.202523
0.903038
1.008959
3.115278
3.222017
-4.670816
8.436770
-0.455249
13.653090
2.761732
2.870608
5.979699
11.090398
11.202676
8.316485
18.430769
7.544652
12.658131
10.771191
14.883799
7.995907
19.107450
21.218349
22.328508
24.437816
29.546144
31.653347
22.759266
28.863723
23.966524
20.064404
25.158944
27.249928
23.337124
4.420277
18.499114
7.573341
17.642521
10.707099
14.767889
14.824626
7.877221
16.925570
10.969551
17.009161
9.043467
8.072362
15.095721
2.113402
0.125245
-4.867102
-1.859435
3.148297
-9.843861
11.164124
-1.827723
-2.819389
-6.810870
6.197826
-0.793317
-3.784352
-1.775961
12.232088
-3.760212
9.247121
-0.745941
2.260562
1.266579
-0.727643
-3.720598
6.287708
-2.702740
8.308031
4.319985
3.333076
7.347246
4.362430
-2.621450
-1.604479
-4.586756
7.431432
-7.550614
-0.533013
5.483093
5.498063
4.508692
6.515090
-3.482585
-6.485308
7.506877
8.494140
-1.523366
5.454500
-3.572139
2.396828
4.361495
-5.678059
-1.721767
-0.769580
-3.821462
5.122607
6.062633
5.998606
-6.069497
4.858284
1.781894
-1.298737
-4.383694
2.526922
-4.567006
4.334625
9.231813
9.123006
-3.997825
-0.130413
-3.274528
-2.429976
4.404644
-6.770116
12.045946
1.853716
-2.340283
6.464337
-2.732052
7.070902
-6.126462
-7.323822
-4.520872
-3.717322
-5.912897
5.892661
-2.300402
-2.491859
-6.681495
-5.869111
-1.054523
-1.237559
-8.418064
-7.595898
-4.770931
-8.943052
-1.112161
-4.279608
3.554947
-4.608288
-3.769462
-7.928285
-7.084489
-10.237825
-1.388063
0.465010
3.321586
-1.818158
1.045935
6.914007
-10.213822
2.662556
-1.456772
-1.571734
-0.682276
-8.788361
-5.889969
4.012905
9.920247
9.832026
2.748195
0.667881
2.590197
-2.484886
2.442588
5.372552
11.304924
8.239603
14.179596
12.125515
16.077406
5.035304
11.999229
9.969190
3.945182
9.927190
3.913605
10.903813
8.897861
9.895777
6.897577
14.902780
4.907298
11.907675
5.904539
-1.101540
7.889949
8.879465
1.867418
-0.145799
-6.158966
-1.171748
6.816151
11.804992
-4.204997
-0.213622
0.780329
3.777938
6.779412
6.784932
10.794305
5.807488
9.824610
25.845777
9.871449
21.902075
10.937723
13.978440
12.024251
24.075159
22.131145
20.193221
18.262275
16.338332
23.421396
22.511457
25.608484
46.712430
44.823232
61.940806
74.065055
94.195861
113.333091
133.476594
162.626301
212.783166
231.947363
256.119249
268.299270
246.487466
207.681434
167.880760
122.085425
93.295520
72.512295
48.735939
27.966637
12.204372
11.449114
5.700814
0.959405
1.225830
-9.499958
-2.218023
-0.928440
-1.631301
-1.326713
-4.014798
-4.695691
6.630455
9.963475
10.303187
2.649396
20.001890
0.360444
5.724814
1.094773
-1.529053
0.853101
-2.759014
2.634340
0.032885
6.436331
-8.155630
8.256684
2.672937
0.092779
9.515847
7.941760
12.370124
-2.199473
-0.767456
7.665732
5.099634
6.533948
3.968201
10.402084
1.835399
2.266528
9.695016
2.120386
0.546867
2.974277
2.402366
21.827263
23.246698
18.660608
30.068920
26.471544
32.868380
36.259313
29.644216
50.022945
26.395348
36.761255
28.120484
19.468692
24.801008
16.117815
15.419449
13.706205
21.978338
11.236062
18.479558
4.708970
16.924409
11.125951
13.313643
16.488973
2.658232
8.821673
13.979527
5.132010
1.278772
7.417970
11.548467
11.670771
6.785348
5.892640
7.994105
1.090143
3.181121
4.267377
-2.650782
2.428089
-2.495483
1.578786
-9.348842
1.721869
-1.208867
-2.140857
3.926070
-6.007935
0.057257
-7.878242
-8.814342
2.249029
-5.688074
4.376545
1.443865
8.513990
2.587015
5.663017
2.742058
2.824190
3.909448
6.997854
2.089415
-10.815873
0.281970
-1.617089
-2.513094
5.593893
0.703803
7.816547
5.932028
7.050134
-5.829261
7.293706
11.418883
3.546106
14.675199
3.805970
7.938216
10.070012
5.201212
5.331657
7.461171
22.589564
6.716631
5.842151
12.965886
7.087585
7.206981
4.323790
4.437715
5.548441
10.657294
2.764696
8.870409
11.974289
16.076533
7.177394
23.280939
28.390970
21.507349
22.629944
13.758628
19.893282
31.033783
30.180012
26.331849
18.482000
28.628269
18.771151
16.909644
30.043611
17.173530
22.299848
23.422986
18.543335
17.661261
21.777471
19.893090
16.008533
26.124189
22.240422
23.357575
15.475967
19.595895
28.717425
19.840803
26.966274
15.094065
18.224383
16.357415
11.493332
16.632284
19.774407
10.919816
7.068610
16.220874
7.376141
4.533754
9.693334
7.854777
11.018192
6.183668
8.351274
17.521061
9.693062
4.869673
7.051404
14.238352
10.430603
7.628224
2.831271
-2.960217
9.253785
-1.526712
0.698289
-4.072375
7.160070
3.395790
1.634932
-0.122379
3.123963
9.374042
7.627925
0.885659
-1.852729
0.412771
2.681346
-6.047021
-5.772323
3.505430
-11.213796
2.069948
-9.643409
-1.354077
-8.062654
-8.769243
3.526030
0.823023
-4.878427
-0.578504
-2.277410
8.024631
7.327377
3.630565
-7.066089
-1.762890
11.539837
0.841745
11.142466
8.441609
4.736722
5.026438
4.310799
6.590720
0.865975
4.136310
13.401448
14.661087
10.914898
5.163427
8.408550
4.650067
1.887761
13.121395
8.350714
8.575448
10.795304
11.009975
16.219132
17.422430
14.619466
12.813825
20.010453
26.209013
18.409419
14.611579
14.815398
22.019928
11.224110
19.427925
24.631347
15.834337
23.036846
22.238815
29.440173
24.640839
26.840721
32.039715
18.238281
34.438477
32.641803
30.848149
27.057406
24.269462
22.484200
27.701499
30.921235
21.143275
25.367481
22.596584
17.831442
19.071176
14.315740
7.565084
7.819147
9.077864
-0.658838
-5.391040
3.881170
8.157696
-6.561563
-0.276719
2.003400
3.277382
-1.454336
-2.191345
-3.933264
0.320261
-5.430441
-7.185068
-1.943340
-4.705002
-0.469820
-1.237582
-5.008099
-0.781349
0.441018
3.659286
-4.126289
-2.915477
-0.708075
0.496094
-5.302819
-1.104683
0.090412
2.281634
-1.530910
-3.347136
-4.166982
-7.988609
0.188089
-8.636799
4.536796
-1.291073
-8.120375
2.048906
-5.783235
-9.616820
-5.451886
5.711508
-1.126711
4.033363
-2.808379
-0.652063
-3.497836
-2.345858
2.803690
6.950611
-3.905310
2.235694
-7.626628
-2.492544
-8.362341
-6.241635
0.868191
-2.032734
-2.944324
-5.858997
-7.773822
-4.688480
-6.602674
-10.516123
-2.428566
-10.339759
-0.249479
-7.157520
-0.063692
3.032677
0.131895
6.234109
10.339446
2.448021
-1.440067
3.675263
1.794079
-1.083565
8.042367
-0.828102
-9.694965
9.441773
5.582089
7.725949
3.873302
8.024084
2.178216
7.335606
5.496149
4.660279
8.828663
9.001196
19.177762
9.358232
11.542465
9.730309
10.921596
14.116150
16.313780
14.514283
19.717444
14.923036
14.132339
20.345814
20.563288
11.784322
24.008243
22.234875
26.465617
32.700093
21.936481
25.174852
32.415264
28.657760
21.902371
30.149114
24.397993
24.649220
27.902800
23.159552
24.419512
29.682659
28.948960
25.218370
25.490834
22.766284
24.044638
15.325807
21.609685
20.896159
14.185101
16.476891
19.771628
13.069181
12.369406
1.672149
7.977244
3.284513
10.593766
3.904805
-3.783494
1.528388
-1.162878
9.143772
3.449513
0.754449
4.058669
3.362248
12.665247
-3.032284
5.269687
-6.428818
6.872207
0.172756
-0.527190
4.771586
8.067852
-0.638809
-0.348346
-0.060723
-2.775920
4.506065
10.785221
3.061518
4.334911
9.605342
8.873111
7.138659
6.401916
-1.337201
13.922099
7.180791
9.438717
7.694354
11.946870
17.196234
8.442478
-1.314383
10.924771
6.159038
3.388495
6.613202
9.833200
8.048511
11.259138
0.465067
2.666266
8.862683
1.054251
-1.759118
2.422472
-1.402033
-1.234883
-3.074127
-10.919875
16.227738
6.368560
7.502418
5.629117
2.748443
6.859762
2.959419
5.047401
6.123703
3.188659
6.249901
13.309001
12.366186
10.421664
7.475629
1.528261
4.579722
-7.369839
7.679709
1.728486
5.776593
6.824118
-2.128864
4.917860
-3.033759
2.016349
4.068245
2.121976
-8.822422
1.235078
3.294487
-2.644192
-0.580969
-3.515865
1.551085
5.619836
0.690333
3.762504
3.797707
2.834795
2.873760
-1.085419
-0.042768
5.001675
-0.952137
-0.904260
4.145240
5.196287
5.248796
2.302675
5.357818
6.414114
5.471439
3.529662
5.588640
2.648224
8.708254
0.768558
-1.194508
-4.156282
-1.116688
-6.075644
5.966926
-2.988898
-1.943037
-0.895412
1.154055
5.205443
-2.741168
-0.685700
-1.628075
-3.568213
-1.506036
-0.441464
-2.374420
-7.304823
-5.232596
-5.157659
-2.079933
0.000659
7.084198
4.170761
3.260429
0.353278
0.449390
-0.451159
-3.348289
-6.241921
-7.131976
-4.018376
0.098959
0.220107
2.345147
5.474157
-1.392782
-2.255594
-3.114198
0.031484
-0.818468
1.336022
-1.504964
-0.341349
-8.173054
0.000000
-2.822108
1.360701
-3.451495
-0.258616
5.939416
-4.857320
-4.648745
5.565220
-8.215347
-4.990366
-5.759760
-3.523448
-5.281352
-5.033394
-4.779494
5.480426
2.746445
3.018642
-4.702904
5.581886
1.873090
-0.829213
4.475057
10.785977
-0.896373
0.428086
-3.240568
1.097745
-6.556898
-5.204416
2.155268
-5.477766
0.896560
-3.721675
-9.332392
-1.935511
-3.530955
-2.118645
10.301499
-1.270445
8.165602
-1.390281
1.061984
0.522477
-0.008724
0.468461
1.954109
1.448300
1.951113
9.462626
6.982919
2.512070
4.050157
3.597261
