2.169956
4.240738
14.311540
5.382356
-0.546824
2.523994
7.594800
8.665586
11.736346
6.807069
4.877750
14.948379
17.018948
15.089449
7.159875
3.230216
11.300466
11.370616
9.440658
3.510584
3.580385
13.650055
2.719584
4.788964
-5.141812
1.927248
10.996135
2.064841
-6.866641
3.201680
-0.730204
-6.662301
0.405381
-0.527166
-3.459950
-10.392979
1.673738
-2.259805
-0.193619
-3.127709
-7.062085
-9.996755
-9.931727
-1.867008
11.197393
-6.738531
-6.674790
3.388609
6.451658
5.514349
-0.423326
-3.361375
-4.299807
5.761371
7.822151
2.882524
5.942482
8.002018
2.061123
1.119789
8.178008
9.235772
7.293074
10.349904
8.406255
9.462119
2.517488
9.572353
6.626707
6.680542
16.733849
5.786620
12.838848
27.890524
18.941640
23.992188
25.042161
32.091549
31.140345
29.188542
18.236129
29.283101
20.329449
12.375163
20.420238
18.464664
14.508433
18.551538
7.593970
20.635721
17.676783
16.717148
13.756809
13.795756
13.833982
3.871479
11.908238
2.944253
-6.020487
-1.985987
0.047742
6.034846
-1.980130
1.003161
7.985203
5.967271
-0.050425
-4.067682
-3.084307
-1.100120
-9.114945
-4.128619
-9.140989
-6.151910
-8.161247
-4.168874
-9.174678
7.821449
6.819601
-2.180134
-2.177861
5.819271
5.819342
0.822428
7.828596
6.837900
0.850383
5.866075
3.884736
-3.094762
2.927637
9.951975
1.978283
8.006581
0.036873
-2.930845
5.103409
1.139604
-10.822659
-6.786073
3.249432
0.284672
5.319724
-0.645353
7.389548
11.424527
2.459603
2.494784
11.530063
7.565415
15.600805
3.636181
9.671474
8.706603
14.741471
12.775966
24.809961
22.843312
17.875861
23.907434
19.937842
4.965683
20.987368
10.004959
18.018279
15.026645
9.029863
7.027720
17.019980
13.005856
5.984430
12.955452
3.919075
9.882680
3.846059
-2.190992
-4.228371
14.734091
8.696560
2.659113
7.621816
4.584746
-4.452053
-7.488550
3.475275
-5.560568
-5.596083
-1.631284
-0.666195
-5.700853
3.264693
-3.768817
2.199452
-0.831669
-1.863891
-2.897125
3.068707
-3.966333
8.997806
1.961160
1.923753
-2.114403
0.846691
-5.192479
1.769398
-1.267643
-3.303579
-5.338401
3.627889
-4.404721
2.563741
-4.466763
2.503715
10.475369
2.448135
-0.578062
-4.602797
2.373855
-9.648191
0.330970
-2.688770
-9.707531
0.274556
1.258147
6.243005
-3.770810
1.216750
-0.794273
-1.806748
3.178712
1.162244
-0.856031
10.123998
-5.897533
0.079475
-6.944387
6.031139
1.006129
-2.019354
0.954741
3.928455
5.901811
-0.134665
6.819471
-3.235124
-8.297843
-3.368126
2.554540
-0.529371
2.380575
14.284773
6.183584
1.077332
-6.033689
0.850781
3.730970
7.607077
0.479270
9.347688
0.212442
-3.926388
-0.068747
-8.214611
-2.363983
-4.516894
-0.673404
-8.828592
-3.981058
0.869402
-7.277025
-3.420165
-9.559863
-3.695979
-8.828389
-1.956984
-7.081671
-10.202371
-4.319023
0.568421
-0.540006
1.355713
1.255582
-1.840412
4.067703
4.979887
2.894912
9.812709
-1.266744
-2.343483
-7.417562
-4.490105
-2.561930
0.366937
4.295519
5.223103
3.149703
6.075313
-3.000096
1.923429
-10.154180
12.767637
7.693366
13.623790
20.559041
24.499239
24.444491
19.394890
7.350515
11.311433
14.278601
7.252126
9.232071
11.218487
17.211414
11.210208
10.214244
11.217791
5.220928
8.224150
11.227911
5.232629
7.238877
13.247204
11.257945
-2.728596
-3.712145
12.307545
4.330693
5.357491
8.388106
2.422677
2.461322
4.504131
12.551172
1.602490
4.658104
11.718044
14.782333
14.850927
16.924132
7.004667
19.092594
19.187954
12.290773
14.401059
14.518805
20.643986
15.776561
22.916472
20.063645
26.217990
30.379400
27.547753
36.722909
38.904714
55.092995
54.287564
74.488217
82.694732
98.906872
122.124384
146.346994
172.575154
204.810086
226.051592
229.299464
213.553988
184.814953
145.080832
133.351296
88.627696
69.910241
49.198821
29.493314
22.793583
9.099797
2.412127
3.730395
6.054109
3.383114
3.717239
-4.943698
-3.599893
-2.251555
0.101094
-9.542181
0.818370
0.181335
12.544756
11.908472
14.272303
-6.363947
4.999509
11.362440
4.725803
-6.910191
4.454351
5.819378
-0.815180
1.550594
-5.083933
5.278837
8.638896
16.996220
3.350766
6.702478
6.051282
3.397088
-4.260209
-1.921461
16.413464
5.744832
-0.927469
10.396430
2.716384
1.032227
1.343779
3.650838
8.953187
-0.749410
5.542791
13.829516
25.110474
18.385352
33.653818
21.915520
27.170085
32.417119
39.656206
40.889959
37.118890
36.336930
39.540599
17.727775
15.899085
17.055080
13.196243
13.322993
1.435692
14.534648
14.620120
9.692322
6.751422
15.807521
3.861232
-1.087105
8.962835
5.011357
4.058750
6.105284
-1.848788
1.196768
0.242171
3.287620
9.333298
0.379372
-11.574011
0.473283
-6.478632
-3.429654
1.620298
-4.328706
-0.276615
4.776606
-5.168830
-3.110786
6.950824
3.016072
0.085015
-5.842302
-9.765850
-0.685611
-5.601583
-8.513775
-7.422211
-3.326929
5.772022
-0.125422
5.980664
3.090190
-5.796948
5.319137
6.438315
1.560445
4.685373
9.812931
-2.055831
-3.921903
2.213053
4.348892
0.485577
-0.376950
-0.238757
-5.099930
1.040410
-3.817069
1.327576
6.474276
3.622948
6.773498
2.925816
10.079783
7.235265
7.392116
5.550176
-4.291273
6.867063
2.024693
2.181267
4.336637
-1.509362
-3.356907
9.793808
8.942578
11.089180
6.234085
1.377780
-0.473834
6.679614
15.838060
17.001434
21.169664
14.342676
23.520388
17.702715
24.889282
25.078755
25.271096
25.466254
36.664173
24.864788
28.069120
29.277942
19.491212
30.703773
18.910546
20.112095
24.308955
25.500732
11.687960
18.871169
20.050858
20.227498
19.401528
25.573362
17.743386
17.911962
21.079425
24.246089
8.412243
17.578153
16.744064
26.910200
21.076762
13.243933
11.410520
12.576097
1.740936
13.905283
13.069356
22.233348
6.397428
-0.438260
0.726402
0.891513
7.057145
8.223349
7.390153
5.557563
8.726932
4.898447
10.070954
11.244582
5.419434
1.595590
4.773111
4.952032
2.132369
1.314117
-12.502753
-1.318288
-4.132557
11.054352
-3.757673
-1.568761
7.620937
-3.188749
0.001988
-1.806698
5.383877
-8.426095
-4.236451
-3.047056
5.142200
-9.668600
-4.479398
-5.288677
-3.096292
-7.902187
-7.706323
-9.508685
-7.309275
2.891881
-4.905259
-7.700757
-1.494696
4.712823
0.921681
0.131741
-7.657153
-6.444411
-0.230185
-4.014647
2.202014
1.419594
11.637871
3.856607
8.075548
0.294454
7.513388
9.732061
-3.049831
11.167390
12.383386
11.597800
13.810263
7.020384
9.227758
9.431961
9.632554
1.829077
7.021054
10.214133
6.411816
17.616524
19.827992
27.045974
11.270233
1.500540
27.736672
14.978408
15.226086
28.481916
17.745797
20.017628
20.297306
24.584726
20.878002
24.177022
35.481728
23.792059
26.107944
23.429309
34.756070
26.088139
24.425375
25.766758
28.112211
33.461649
20.814981
24.172104
20.532911
23.897285
25.266715
17.639414
18.015239
15.392688
15.770052
9.147135
4.522408
5.895855
-0.736318
6.622963
5.974048
5.317260
-2.347106
10.981226
9.302503
-0.383047
1.924778
2.226161
2.521261
3.810217
6.093146
0.370146
-3.358707
6.906643
-4.833767
2.421043
2.672760
1.921603
5.167664
1.411019
4.651729
1.889838
0.125375
2.358353
-6.411872
4.811304
2.027758
4.237745
4.441016
4.637670
-1.172069
2.011994
4.190024
-4.637266
10.530842
12.694488
4.853794
5.008856
-2.840255
3.306514
3.449190
1.587782
-0.277726
1.852633
1.978802
8.100705
6.218245
4.331306
-3.560251
-12.456582
-2.357864
11.735705
-1.176092
-3.093192
0.985474
-0.940276
-2.870642
2.194158
0.253891
2.308305
3.357012
0.398766
-7.561687
-2.521745
1.518274
-3.442743
-3.403824
1.635085
5.674001
-5.287069
-0.248126
2.790822
5.829755
5.868463
1.906735
-0.055093
1.983165
0.020999
5.058395
6.095330
-0.868231
5.167665
6.202962
8.234311
8.261738
3.285565
12.306089
4.323583
4.338298
8.350463
7.360286
9.367953
14.373630
14.377464
18.379582
23.380091
7.379082
16.376625
12.373083
12.369775
16.366765
7.364102
15.362228
20.364111
21.369891
16.379694
20.393630
17.411797
23.434281
19.461152
18.492470
18.528280
25.568614
20.613491
19.662918
22.716889
23.776270
27.844242
22.920872
16.006219
20.100335
14.203263
10.315038
18.435687
15.565229
11.703671
13.851016
10.007255
1.172371
3.346337
-5.470880
-1.279327
-0.079055
1.129873
2.347029
6.571404
-5.198643
-2.964727
-1.726738
-3.484577
-3.238164
-4.987434
-3.732485
0.525557
-1.213235
-1.948799
-4.681093
-5.410086
0.864235
-2.858977
2.419734
-6.300087
-2.018376
-3.735083
-4.450178
-1.163651
-6.875506
-3.585769
-7.294482
-9.002298
2.290686
-4.415771
-10.122406
-4.829288
3.463493
5.755832
3.047603
-6.661340
0.627671
-1.085547
1.198869
-8.519238
2.759950
-2.963769
-7.690953
11.578435
4.844425
5.106968
-6.634005
3.621412
-0.126893
3.120943
-1.635235
1.604438
3.840733
-2.926509
-0.697465
-2.472332
0.748673
-3.034688
3.177024
4.383971
1.585847
1.779564
-4.036804
0.136664
-2.699986
-0.545333
-4.399435
1.741582
-2.118965
-1.980917
2.155868
-4.708483
1.426139
0.559828
5.692663
0.824707
8.956005
2.086590
-2.783522
8.345671
7.474154
-4.398099
5.728868
-7.145003
-8.019784
-10.895561
-6.772434
-5.650519
-9.529945
1.589146
1.706595
-1.177768
-4.064129
0.047991
-5.838005
-7.721821
-4.603564
-2.482844
8.640372
-2.256610
-4.151035
0.957162
-1.931963
0.181640
6.298012
-0.582815
0.539183
1.664025
6.791717
4.922261
-0.944353
0.191859
1.330872
1.472652
2.617157
-5.235663
7.914132
-1.933525
5.221290
-4.658998
-0.538868
-6.418288
-3.297227
-2.175653
3.946465
-0.930841
-2.807541
-0.683602
-6.558993
-2.433683
-2.307640
-5.180833
-5.053231
0.075198
-0.795514
-1.665336
-7.534237
0.597815
-3.269150
-6.135098
0.000000
4.136177
6.273463
-1.588109
-2.448508
-2.307704
-7.165663
1.977644
-5.877750
-3.731815
-3.584518
1.564171
-2.285715
-3.134146
5.018910
5.173485
2.329609
-0.512685
-1.353367
-7.192404
-2.029766
-7.865421
5.300663
-2.531484
3.638171
3.809658
1.983010
-0.841743
0.335431
0.514563
2.695686
-1.121171
0.064026
-2.748694
-2.559298
-2.367755
-4.174033
3.021898
1.220071
4.420516
1.623266
-7.171649
5.035803
4.245654
2.457934
4.672676
-8.110090
9.109669
-2.668017
4.556884
5.784403
0.014573
5.247423
-10.517013
-7.278705
-4.037622
-5.793732
-0.547003
-4.297405
3.955095
-0.789473
1.468924
5.730316
-4.005265
5.262213
-7.467219
7.806470
11.083311
7.363337
9.646578
1.933067
1.222833
0.515910
2.812328
4.112119
4.415314
1.721944
1.032042
-0.654363
