0.607958
-0.176427
6.035338
11.243287
-5.552546
7.647873
8.844578
11.037603
14.226981
9.412748
10.594936
2.773581
14.948715
8.120373
14.288589
18.453397
13.614831
6.772925
-0.072287
8.079229
5.227506
4.372580
22.514483
-1.346750
1.788916
3.921513
0.051076
4.177639
-3.698764
-1.578099
-3.460333
1.654570
-7.233357
1.875919
-9.017566
4.086220
-9.812688
-9.714256
-6.618449
-8.525235
-0.434579
3.653552
2.739194
1.822380
6.903144
-0.018481
3.057541
-5.868758
2.202657
6.271821
0.338766
6.403527
0.466138
5.526633
4.585046
6.641411
12.695761
7.748132
3.798557
12.847069
2.893703
0.938494
0.981474
13.022678
6.062140
2.099895
8.135975
13.170414
13.203248
17.234510
15.264234
1.292454
21.319203
19.344517
20.368428
19.390971
29.412181
32.432090
39.450733
30.468144
28.484357
26.499406
35.513325
33.526148
25.537909
13.548642
36.558380
31.567159
16.575011
22.581972
25.588074
15.593353
17.597841
21.601573
17.604583
-4.393095
3.608573
4.609621
7.610083
-5.390007
-7.390615
-9.414350
10.560757
-3.465304
-4.492550
5.478985
-0.550740
1.422308
-1.601506
1.377896
-5.639415
0.346917
-1.662986
-1.669065
-4.671270
-8.669559
-6.663894
-0.654248
-4.640598
-2.623945
-5.605480
-2.591739
2.424872
15.444274
3.463339
0.482346
7.501557
4.521213
-2.458460
-3.437257
-1.414988
-10.391481
-6.366581
-6.340151
-4.312068
-2.282229
-5.250544
-1.216941
7.818636
-1.143708
-5.103884
5.938125
11.982318
10.028677
-1.922829
10.127751
7.180355
6.234903
11.291300
-2.650564
1.409184
7.470401
1.532929
12.596593
7.661202
23.726549
25.792408
19.858540
28.924685
31.990568
12.055895
35.120356
9.183064
20.245552
11.307544
19.368748
21.428857
12.487548
20.544481
16.599302
16.651639
5.708189
11.768767
22.833336
7.901854
14.974274
5.050541
8.130597
3.214378
5.301838
6.392904
-7.512503
5.584143
-3.320704
-7.227003
-4.134726
4.956147
-6.954380
-5.866309
4.220344
2.305551
-3.610726
9.471464
3.552060
13.630990
1.709581
1.788096
-1.133498
-1.055246
10.022794
-4.899441
13.177969
7.254939
-7.668631
8.407153
6.482170
3.556291
6.628851
8.698953
4.766487
-2.168664
3.893372
6.952454
11.008435
8.062524
3.115071
11.165999
11.213428
16.253820
4.287402
4.314388
-4.665021
4.349360
12.357701
9.360160
10.356878
13.347984
-0.666406
13.313807
4.288710
2.258376
17.222863
0.181258
7.133288
12.078565
11.017125
10.949033
9.875022
-0.204732
9.709821
1.618719
6.521986
16.419630
6.311644
2.191417
2.058545
5.913432
-11.243554
3.587921
12.408159
5.217428
3.015965
-0.196021
10.581643
4.349106
3.106483
-1.146140
-5.408703
4.325834
5.056135
1.782054
2.504083
6.222690
1.938036
-2.350401
6.357881
5.063353
1.766458
10.467613
-6.832794
-2.134399
2.563140
-3.739863
-4.043113
1.653661
11.350706
5.048253
-4.253493
0.445655
-8.854136
-0.152720
5.550031
7.254224
5.959949
7.667467
8.376830
4.085685
8.794446
8.503510
-1.786145
-0.072247
4.645630
6.366816
0.091158
9.818965
1.550524
-0.713897
3.025951
1.770298
5.519353
7.273309
17.032341
15.796602
12.566233
0.341351
9.122060
14.908444
14.700570
14.498489
20.302460
-0.887136
9.929722
-3.246961
6.582804
2.418985
-0.738463
7.110396
1.965480
7.826692
9.693914
12.568080
3.450404
-0.659151
4.239367
4.146080
4.060671
4.983052
4.913482
-0.147796
-7.200280
-2.242847
0.724743
-0.299747
-3.317539
4.671877
9.668981
1.674217
11.688003
7.710726
16.742746
10.784396
17.835986
20.897799
23.970094
17.053108
12.147055
12.252127
10.368493
16.496305
21.635689
8.786754
20.949588
17.124259
29.310815
30.509285
59.719680
62.941989
70.176185
94.422220
97.680028
122.949524
152.230604
187.523317
227.827330
257.142481
250.468590
237.805456
210.152859
169.510560
126.878301
95.255801
83.642762
46.038862
26.443761
23.857095
16.278479
8.707505
-2.856258
0.586735
11.036006
-7.508952
-3.048670
-1.583706
-2.113187
2.366048
7.853724
0.349554
-0.146762
6.364460
10.882894
19.408200
-4.059977
-1.523246
-7.983447
11.559132
-0.895815
2.651389
-2.799595
-2.249126
-8.697578
-4.145344
5.407163
-4.040485
1.511261
0.061935
-5.388953
4.158091
6.701342
8.239363
10.771674
2.297589
-1.183596
-0.672196
-1.168127
7.328054
5.815756
-6.705638
10.763217
6.224351
-3.317647
12.136940
1.584434
15.024743
30.457762
16.883371
18.301439
30.711824
40.114367
34.501756
38.870624
35.221593
26.555215
33.871983
31.172331
22.456645
7.725258
18.978464
7.216509
12.439603
11.647917
14.841585
16.020706
16.185347
13.335541
5.471290
15.599490
17.721156
-1.163516
15.946197
5.051279
6.151930
5.248331
11.340647
-0.570973
-2.486397
8.594492
12.671794
0.745596
5.815966
2.877882
7.932641
13.981466
10.024897
3.063432
3.097820
-4.870505
7.158853
-1.813740
0.212056
-10.763452
-11.739980
-3.717271
-5.695092
6.327764
-0.648116
-2.622033
-1.593727
0.437001
-1.529669
6.506424
0.545420
1.587445
-1.367396
0.680985
2.732660
-2.212319
-2.153702
1.911080
10.982110
-1.940547
6.143167
-6.766707
3.329861
7.432888
-1.457621
-3.341674
-0.219291
2.909494
9.044637
8.186079
8.333750
5.487570
10.647442
3.813260
3.984906
7.162249
0.345145
0.533439
-2.273036
-1.074460
-0.871023
-1.662929
4.549605
1.766354
6.987076
4.211520
12.439423
9.670508
18.904488
32.141061
9.379916
24.620727
27.863158
24.106859
28.351469
19.596612
28.845729
24.098944
20.356031
33.616754
23.880869
27.148340
21.419156
14.685290
29.947940
42.207857
25.465732
28.720986
25.973515
19.223950
29.472883
30.720869
21.968428
35.216047
24.464184
20.713266
22.963695
27.215843
32.470060
18.726670
24.985913
23.247979
14.513132
21.781615
12.053650
15.329438
18.609161
17.892984
31.181050
17.473486
19.770399
3.071881
7.377805
6.688018
15.002585
2.321357
10.644154
9.971018
3.301972
5.637022
12.976156
5.319343
4.665603
11.014610
-4.633666
1.720728
7.077562
8.436289
2.796848
9.159157
4.523118
-2.111386
3.255508
4.623647
14.991970
8.359093
0.724938
5.089402
8.452360
1.813663
1.173138
4.530590
3.885799
4.239828
2.594072
-1.051580
-2.697261
-2.343118
3.010683
-0.636042
-7.284379
11.064260
7.409773
-12.248325
1.088445
-0.579958
13.746398
12.067418
9.384237
3.697761
12.007944
2.314908
15.618764
16.919417
12.216756
9.510648
19.800940
21.087459
19.370013
12.648391
9.922362
14.191677
15.456066
11.715242
11.968897
11.216707
10.458324
17.693386
19.921508
11.149796
13.381920
35.617700
12.856962
22.099536
19.345258
24.593962
26.845482
32.099648
20.356288
23.615225
30.876276
18.139253
26.403959
28.670194
16.935287
26.199144
29.461657
32.722710
32.982175
47.239910
47.495765
29.749576
33.001169
34.250355
30.496938
27.740707
32.981440
32.218903
36.452852
35.682508
31.912954
30.145073
23.382263
23.625251
12.873205
29.124360
20.378635
28.636056
12.896648
7.160432
14.427426
4.697641
12.971085
2.247758
9.527656
8.810768
7.097077
3.386560
4.672061
-7.050858
-0.781387
-1.518783
-7.262357
0.988527
-2.765541
-7.524015
-7.286389
0.947806
1.179003
3.407603
-7.366024
-6.141539
0.081368
1.302983
0.523562
7.743338
-1.037480
12.181293
-0.600182
3.618234
1.836661
15.055193
-2.726093
1.492859
-5.287917
-4.068404
-7.848607
5.371450
-5.408273
6.812161
5.032673
-2.746835
2.473519
-2.306399
0.913257
10.132315
8.350584
2.567857
10.783906
1.998485
4.211330
4.422159
-8.369330
-5.163458
7.039436
7.238992
4.434830
-8.374533
-5.192221
4.981560
1.146571
2.302547
-2.551084
-11.416003
3.719446
-1.142997
-8.003257
-6.861256
-2.716914
-0.570151
-4.420891
-1.269064
10.885397
2.042551
-5.797551
1.365133
-0.469360
-5.301007
4.870209
-2.955707
-4.778759
-6.598962
3.583661
-8.230927
0.957228
3.147028
5.334504
14.519909
-2.296530
18.885390
9.065848
12.245001
16.422984
11.600120
15.776744
6.952944
17.128996
29.305192
18.481578
17.658180
9.835008
22.012055
17.189295
30.366688
24.544174
14.721679
19.899112
25.076538
27.255612
29.437056
31.620829
34.806875
33.995126
40.185496
34.377890
34.573129
25.772432
25.975745
36.183000
31.394121
25.608833
37.826930
29.048414
26.273183
22.501125
25.732118
30.966024
30.202698
17.441979
23.683697
17.927427
9.172905
21.421322
15.672596
15.927011
10.185945
2.449332
11.714350
15.979076
2.242546
3.504681
3.765704
-0.974180
6.286184
5.547316
3.809416
7.072663
0.337220
-3.396765
-5.129165
3.140134
7.411227
-0.315805
3.959102
-9.764005
-8.485091
-6.204141
-3.921152
4.363864
-2.349123
0.939845
-2.769291
7.523397
9.817822
1.113880
1.411455
4.710415
1.010614
2.311278
1.611798
0.912029
3.210963
11.507471
-1.198540
8.092816
17.383994
6.674975
9.965723
11.256190
0.546311
8.836009
5.125190
-1.586250
-7.298434
8.988505
-2.726065
12.554675
3.830755
4.102186
0.368958
1.631038
2.888373
8.140892
3.386348
7.626486
4.861187
7.090310
-2.686305
4.531162
-0.257488
8.947525
5.145960
6.337559
-0.477959
7.699105
6.868430
4.029674
-0.817527
5.324951
8.463052
5.601875
1.741472
9.881898
6.023210
5.165464
-4.691289
-5.547001
-1.401629
-10.255140
-4.107505
0.041294
-9.808733
5.342415
3.494729
3.648191
6.802772
-2.041567
2.115125
9.272787
5.431349
2.591274
0.751563
4.911000
2.069612
2.222869
10.376168
12.529568
-1.316887
2.836839
3.990767
5.144908
5.299264
4.453821
7.608558
9.763440
5.918422
-0.926551
12.228452
8.383354
1.538066
2.692487
-1.153495
0.000000
4.152837
0.282025
-0.589176
6.539266
7.667381
-6.204798
7.922759
2.050085
1.177210
3.304167
6.430986
8.557700
-3.315661
3.810936
-9.062479
-1.935874
-0.809216
-4.682476
3.444379
1.571380
-8.301442
-0.174054
-3.046425
8.081475
8.209679
5.338218
-2.532876
-1.403573
-1.273839
-8.143645
-4.012958
-6.881748
-1.749982
4.382372
-2.484657
3.648965
0.783268
2.918283
1.054044
2.190580
-1.672077
-1.533894
0.605158
-5.254887
-1.113999
5.027854
0.170703
10.314579
1.459515
5.605542
-0.247309
4.900994
1.050482
-3.798813
-3.646860
2.506373
-9.339083
3.816803
-4.025936
-3.867270
-5.707166
-0.545594
-4.382522
-1.217918
2.948249
-4.883990
8.285398
0.456443
-6.370823
-2.196369
-1.020162
-3.842172
-2.662367
3.519285
-7.297186
-1.111747
-5.924367
-9.735014
-2.543658
-9.350267
-2.154808
-0.957251
-4.757564
0.444284
0.648325
5.854590
-0.936889
-0.726080
-2.512953
-4.297476
-7.079616
4.140656
-6.636627
-4.411433
-8.183732
-4.953492
5.279319
-2.485267
-3.247220
4.993492
-1.763100
