14.127669
11.223838
22.319559
18.414833
17.509662
8.604047
12.697991
16.791494
12.884559
22.977187
11.069380
11.161139
15.252466
18.343363
16.433831
6.523872
12.613487
8.702678
10.791447
12.879795
3.967724
17.055236
9.142332
10.229014
11.315283
8.401142
7.486591
10.571632
7.656268
5.740499
1.824327
8.907754
2.990782
-0.926589
-1.844355
4.237483
0.318929
-7.600017
2.480648
5.560924
4.640814
-1.279681
-2.200559
-1.121819
1.956541
5.034522
2.112127
6.189357
11.266213
9.342697
5.418811
1.494556
0.569934
11.644947
-0.280404
11.793883
7.867810
6.941377
9.014588
19.087442
12.159943
10.232091
12.303889
10.375337
9.446438
15.517193
16.587604
10.657672
12.727399
17.796787
13.865836
18.934550
33.002930
33.070976
26.138691
25.206077
36.273134
39.339865
37.406272
34.472355
38.538117
15.603559
31.668682
26.733489
18.797981
28.862160
37.926027
36.989583
19.052832
20.115773
22.178409
13.240742
23.302772
11.364503
15.425934
17.487068
9.547907
19.608452
11.668705
4.728667
7.788340
-0.199911
11.816039
5.836220
-3.139339
0.889388
0.922422
-1.040217
8.001484
-5.952463
4.097945
3.152618
2.209571
8.268877
-0.669398
5.394802
6.461528
15.530821
3.602715
5.676425
0.749587
0.806862
1.864416
10.922440
4.981112
14.040594
5.100435
9.160424
12.220724
4.281485
12.341992
4.402390
-7.537166
5.523463
4.584402
12.645761
4.707633
9.770099
2.833222
21.897053
-3.038375
14.026959
14.093058
8.159914
12.227501
10.295779
6.364694
12.434174
21.504135
12.574477
13.645084
22.715825
21.786553
18.857106
22.927307
24.996960
34.065857
23.133770
25.200456
28.265656
33.329092
22.390470
30.446221
22.498617
24.543848
27.581125
18.610234
32.632938
23.649758
15.660593
10.665322
22.663808
25.655893
18.641401
18.623646
25.606220
13.589195
11.572971
16.557781
9.543710
14.530834
12.519220
4.508926
7.499999
6.492478
13.486393
0.481761
11.478593
11.476888
15.476634
12.477812
0.480390
-6.515673
5.489572
8.496064
2.503733
9.512495
5.522260
1.532925
12.544379
7.556500
11.569266
-2.415642
3.601705
8.621224
11.642826
14.666409
8.691866
-3.280923
16.747918
5.778252
9.809936
4.842818
11.876739
9.911881
-0.050268
-2.014674
9.018227
7.048563
2.074368
5.095048
4.110826
-1.878506
8.126702
7.126691
1.121684
-1.888109
11.097503
5.078700
7.055918
5.029655
9.000069
7.967305
2.931489
-4.107262
5.851148
5.806807
0.759782
8.710130
4.657891
12.603090
-5.454261
12.485833
-0.576647
5.358265
2.290519
4.215255
15.130170
-2.964363
14.931993
2.819537
12.698536
0.569223
3.431796
2.286424
11.133244
13.972358
7.803843
3.627742
8.444067
8.252802
2.053899
5.847278
7.640481
3.434925
4.230889
5.028634
-5.171592
2.630442
0.434957
4.242157
1.052233
-4.134640
1.681702
-1.498593
-7.675388
-1.848564
6.981989
10.816365
-8.345355
11.496896
8.343174
9.193519
11.047959
3.906509
7.769170
6.635931
4.506767
3.381640
5.261014
10.145111
3.032308
1.920130
5.808786
2.698470
7.589358
1.481605
1.375351
1.270717
8.167806
0.066703
11.967477
1.870178
11.774838
14.681473
8.590079
21.500635
18.413104
6.327429
11.243534
8.161145
7.076173
-0.015930
18.887521
15.787179
13.683637
15.577432
9.469047
9.358921
14.247442
15.135817
18.026939
1.921244
8.819134
6.720981
-1.372871
9.537893
2.453560
11.374394
18.300631
13.232486
7.171038
5.116519
-2.930886
9.028985
-2.003724
9.971109
6.953585
14.943790
2.941786
14.947620
15.961316
15.982884
16.012314
10.049958
16.096709
0.152558
21.217477
14.291421
18.374329
20.466121
25.566701
25.675957
28.793758
48.919956
52.054387
74.196868
74.347199
88.505164
107.670527
125.843036
156.022418
194.208398
218.400629
251.598335
248.804073
238.018377
213.241827
170.474768
134.717127
102.968557
64.229010
61.498424
37.776723
21.063820
9.359612
11.663987
5.976815
2.297956
4.627768
4.966107
-1.687180
3.667740
-6.969313
-0.598530
-2.220117
-0.834291
11.558718
15.958666
18.365296
7.778340
10.197514
-1.380498
0.042004
3.464941
3.888213
1.310873
3.732600
6.153273
11.572748
-0.009139
8.407427
5.822239
6.235065
11.645654
2.053732
10.459000
4.861138
1.259800
7.654616
12.045191
2.431104
6.811908
13.187127
15.556257
9.918502
19.271580
17.619821
8.963620
8.302812
16.638052
8.970019
11.298587
23.624062
31.946909
42.267009
28.584233
45.898436
40.209465
43.517153
34.818248
43.110046
32.392638
33.666097
34.930475
15.185801
18.432084
18.669316
12.897465
21.116481
8.326293
10.526814
7.716668
13.894367
15.059952
5.213437
10.354806
7.489059
12.618966
10.744702
-0.133576
9.984276
-1.902815
6.203915
8.304773
3.400039
2.491073
-8.421480
3.662652
8.743531
4.822668
-0.099665
4.976786
7.052253
7.126951
2.201076
2.274805
-6.651702
1.421700
-0.504865
-7.431286
3.642529
-1.283343
3.791157
0.866076
3.941199
12.015421
-0.911168
10.161498
-0.766530
-0.695220
7.375442
8.445453
2.514792
4.583421
3.651284
8.718309
0.784408
1.849473
1.913382
5.975996
16.037158
9.097284
5.158909
10.221976
2.286417
9.352151
12.419086
5.487114
10.556118
11.625966
7.696515
8.767610
10.839081
10.910749
13.982420
10.053889
0.124937
2.195333
2.264836
-3.666812
8.400314
0.470132
5.547531
1.632352
10.724449
16.823168
7.925124
14.030362
21.138923
21.250846
21.366164
17.484904
18.607085
18.732722
17.861820
19.994377
29.130380
24.268644
16.407973
23.548428
26.690920
20.836652
12.983548
14.127874
19.270131
22.410795
14.550313
20.689106
12.827571
18.966080
20.104981
16.244603
25.385248
16.525815
14.666164
10.806688
14.947755
16.089704
8.232848
15.377474
19.523845
11.672199
18.822753
-0.024300
12.131211
14.288637
13.447961
11.609365
15.773006
5.939020
13.106970
9.276864
-0.551180
0.622927
9.800090
2.981226
6.166444
4.355829
8.549447
8.747345
5.949550
-3.843929
2.366897
8.581999
3.801330
3.024824
0.252397
2.483946
-2.280647
9.958477
4.201165
-1.552760
0.696512
3.948770
-1.796214
-7.539109
-8.280727
-7.021295
7.238938
2.499703
-3.239290
-2.978350
4.285367
-5.446113
3.826946
5.104308
-8.614749
-4.330312
4.957521
0.248636
-1.457091
-4.160770
0.137319
9.434330
0.730311
4.025294
6.319286
3.612278
-1.095761
9.195163
14.485291
5.774554
12.062861
2.350103
4.636155
14.920873
8.204094
13.485638
15.765307
15.042887
16.318143
8.590824
8.860662
16.127369
15.390640
8.650152
1.905564
9.156516
16.402629
13.643507
14.881965
14.120531
6.359042
11.597323
15.835188
22.072442
25.309737
18.546301
24.779571
19.009248
19.234907
30.456518
20.675365
12.892953
23.109289
21.323695
25.535316
28.744192
31.950352
27.153813
32.354577
27.552638
29.749239
32.945892
22.142608
32.339663
23.538864
33.740280
34.943973
24.149994
23.358386
26.569183
18.781656
9.996634
10.214122
9.434117
6.656605
7.881565
-0.891036
6.338761
8.570907
15.805340
10.033602
1.255414
9.471269
9.681877
2.888854
7.092635
-4.706377
6.492192
0.688690
-4.116563
2.076727
-4.731170
-6.540007
1.650439
0.840370
3.029965
-7.780617
-0.591239
-1.401782
0.787852
6.977741
7.167945
0.358505
-0.450557
-7.259236
1.932454
-0.875520
-5.683012
5.509990
1.703413
-5.102834
5.091140
-5.714790
-0.520766
8.673053
5.866489
-1.940651
-2.748579
4.442478
8.632273
8.820544
0.007009
-0.808629
-1.626688
4.553040
-2.266325
-0.084939
11.097029
6.279397
-2.538026
1.644554
1.826920
-0.991157
-1.811494
-6.634917
0.538411
-2.291689
2.874592
-3.962956
3.195445
0.349559
4.500923
-1.347635
-0.196116
4.955469
1.107103
6.257051
7.405365
6.552085
0.697244
1.840078
6.978182
6.113214
7.245924
4.376510
7.505157
4.632032
8.757289
-0.118933
6.003292
-3.876137
3.242902
2.360518
9.476803
3.592671
6.708423
13.824131
7.938947
8.052931
19.166748
18.280615
24.394609
6.508792
14.623211
13.737900
18.852879
28.969369
18.088679
18.210888
19.336065
15.464264
16.595527
24.729882
18.867347
17.007926
29.151610
20.298378
26.448196
33.601020
22.756790
31.915436
23.075321
29.235855
27.397025
28.558079
25.719596
20.881632
20.044229
14.207415
24.371201
29.535588
25.700557
19.866080
23.032110
21.198589
18.364693
23.529127
12.691901
13.853004
14.012411
5.170778
13.327140
13.484452
10.642878
0.802568
3.963653
0.126252
-0.709534
3.456383
-1.375926
-8.206402
1.964996
0.138298
3.313517
11.490652
5.669690
5.850602
10.032586
2.215562
1.399492
2.584324
-0.230006
-0.043577
-1.856485
4.331164
2.518399
5.704134
2.888315
-3.929129
1.251715
-0.569259
-2.392171
7.782870
13.955896
5.126890
-0.705453
3.459271
6.623592
-1.212402
8.951359
4.114933
5.278358
-1.558474
2.604330
-1.233226
1.928849
0.090527
8.251768
3.412515
5.572697
1.732227
1.891006
0.048918
8.204660
0.358090
0.509112
2.657616
2.803472
4.945747
1.084262
5.218569
2.348947
1.475214
-2.402833
-1.285412
2.827241
-4.065126
-3.962785
2.133977
-4.775147
3.308715
0.392291
2.476439
4.561244
-2.353220
4.732358
-6.182747
2.901615
1.985866
-2.929442
4.155834
-4.758176
-0.671354
-3.583594
-5.494251
1.597597
1.692094
-0.210628
1.889549
2.992734
2.099022
4.208495
-3.678774
-2.562726
-5.443314
-2.321671
-4.197772
4.928461
2.057092
-1.811828
-4.678263
-2.534505
-0.389071
-1.241981
-4.093265
3.057034
1.208862
3.362035
4.515002
-4.332238
-5.179703
5.972578
6.124558
4.276182
-2.572624
-1.421944
-3.271878
10.877463
0.025952
3.173450
4.319803
-6.556918
1.566107
8.688886
-1.188575
1.933729
-3.944193
1.177665
6.299308
0.420744
0.541979
-3.336980
1.783873
5.904546
-2.974957
-2.854627
-5.734458
0.385555
3.505421
-2.374855
-0.255267
-0.135806
0.983532
-1.897245
0.221869
0.340881
5.459798
3.578625
-2.302630
-2.183961
0.934639
-3.946824
-0.828344
-6.709913
3.408475
-1.473173
5.645149
2.763447
-2.118271
0.000000
-3.881732
-0.763461
-4.645181
-6.526885
5.591434
-0.290217
3.828167
3.946594
2.065069
5.183600
1.302194
-1.579144
3.539593
-4.341588
3.777320
-3.103678
-1.984574
3.134638
-3.746035
-2.626587
1.492989
4.612700
3.732551
4.852550
-5.027296
4.093017
3.213499
-1.665846
3.454989
-2.423988
0.697228
-0.181356
5.940267
-0.937897
-0.815840
-3.693558
-6.571042
-3.448287
1.674714
-2.202031
0.921482
2.045261
4.169313
-4.706356
0.418261
0.543169
-6.331623
3.793889
-4.080286
2.045857
1.172325
-0.700875
0.426263
-2.446255
-4.318421
-3.190229
-0.061672
-3.932745
-0.803440
-5.673750
1.456330
