18.347079
13.464178
15.578740
16.690795
6.800369
7.907492
0.012191
12.114494
17.214430
13.312027
16.407312
15.500315
20.591063
21.679584
17.765907
14.850059
20.932069
21.011965
17.089775
15.165527
19.239249
6.310970
11.380718
6.448520
9.514406
6.578402
1.640538
10.700841
-1.240661
-1.183938
-10.128964
4.924290
-2.024148
-3.974250
1.074013
1.120669
4.165745
-1.790730
-3.748728
-4.708221
-0.669181
-4.631579
-4.595388
8.439421
0.472876
-2.494995
6.535836
-9.434602
-1.406282
3.620824
10.646745
-5.328490
-4.304855
1.717679
8.739141
7.759558
7.778959
6.797372
1.814824
2.831345
8.846962
4.861703
8.875597
0.888671
-0.099046
8.912475
4.923260
16.933338
14.942738
18.951488
19.959615
25.967148
15.974115
11.980544
21.986463
24.991901
27.996886
22.001445
24.005607
41.009400
25.012852
23.015991
39.018846
22.021444
22.023815
26.025985
29.027983
22.029837
24.031576
21.033227
15.034819
12.036379
16.037936
24.039519
-2.958845
3.042872
5.044698
1.046662
4.048792
19.051116
-3.946338
6.039640
3.029144
-5.977755
-9.980991
0.019495
-3.976246
-0.968168
-8.956233
-1.940412
1.079320
-9.897020
-6.869424
4.162109
-0.802425
-9.763040
-7.719755
-3.675617
-4.631430
-2.587060
-4.542386
-2.514262
8.514219
1.543211
6.572852
-1.396732
0.634567
0.666847
2.698698
-4.270952
-7.241889
-5.213919
-8.186866
-8.160574
-6.134905
8.890261
1.915024
-3.060532
-0.036342
5.987641
0.011446
5.036179
2.062982
2.091943
7.123132
13.156606
6.192407
4.230562
14.271084
2.313972
1.359209
12.406763
20.456590
12.508629
17.562805
25.619028
21.677196
28.737187
20.798869
15.862093
17.926695
26.991922
21.054439
21.115670
8.175468
15.233668
2.288856
2.340773
18.389270
3.434177
8.475300
12.512611
14.546147
15.575670
7.600812
8.621268
18.640256
8.662358
2.687634
20.716133
-4.252104
-10.217049
-8.178682
2.863007
-0.091984
-9.043663
1.007946
6.062813
1.120896
-2.817856
2.246494
-2.686608
-0.617391
13.454075
0.527713
-7.396506
-6.317224
-9.234489
-1.148364
4.941082
3.033766
-0.870402
0.228474
8.330283
3.434901
3.542196
4.652022
1.764227
5.878646
-3.004447
-2.884769
8.237532
7.362297
0.489361
0.618548
-1.249814
4.884110
5.020149
2.158124
8.297854
1.439149
2.574700
-2.295540
9.828409
-0.053487
0.058720
0.164963
10.264429
-3.644915
2.438863
0.515871
13.586020
9.649216
-1.294277
9.755685
-1.200772
0.836404
-3.132748
0.891795
3.910040
3.921982
8.927600
7.926857
-0.080266
2.906241
4.885234
9.849697
-1.199928
7.736760
-7.339880
1.570472
8.468100
8.353249
2.226132
5.090730
-1.049704
3.805248
-2.344017
-3.497125
7.346281
-5.813466
4.023947
-1.141182
-3.308578
-3.477984
-8.649160
-5.821883
-0.995950
-2.171173
-2.346965
8.478190
-2.695498
9.132164
-8.040673
3.785950
-6.387661
-11.561222
0.265529
-2.907165
-3.079082
7.749979
-11.419802
7.410301
10.239609
14.068425
3.897023
5.724101
0.549245
8.372747
3.194872
4.015862
-0.162009
2.661554
8.486823
4.314051
5.143469
1.975290
7.809705
-2.353114
2.486986
15.330139
13.176461
1.026046
7.878973
6.735301
10.595069
13.458300
15.324996
12.195144
18.068710
4.945642
3.825869
7.709304
3.595838
8.485346
6.377683
6.272683
3.170165
10.073095
12.982378
7.897996
4.819921
1.748400
15.683527
-1.374750
7.563595
9.499135
-3.567436
9.364505
-3.702910
3.232182
2.170356
-3.887860
6.058024
10.008459
-1.036141
4.924607
-2.108948
10.863513
15.842280
16.827615
15.819754
10.818906
16.825255
13.838962
13.860164
10.888974
15.925484
12.970658
12.025071
29.088807
25.161930
36.244483
41.336673
38.439064
54.551672
58.674491
72.807498
87.950653
127.103896
144.267147
167.440311
201.624824
230.821120
261.029155
270.248874
231.480206
209.724356
177.981413
122.251324
90.534026
69.829443
44.137483
25.458044
16.791008
8.136247
3.493618
-2.137037
-3.755884
-5.363108
1.041097
-5.543479
-5.117056
-2.679871
-5.232173
-8.774224
-4.306299
1.171312
1.658305
14.154363
7.659156
-1.827663
-3.305946
-3.777104
-2.242942
-3.703713
-1.159685
-5.611146
-3.058396
-5.501757
-1.941564
-6.378171
4.188051
10.756713
6.327407
3.899709
10.473174
4.047339
2.621719
4.195813
5.769095
4.341021
9.911023
5.478512
1.039790
-5.405582
4.141893
7.678881
2.204721
14.718903
11.220879
16.710068
12.193326
25.670577
17.141688
35.606514
36.064896
43.516663
51.961629
44.399597
40.830609
37.254453
31.666639
30.062479
23.442380
18.806702
19.155759
13.489826
16.809137
15.113889
18.404244
16.680331
16.942244
9.190048
23.423774
22.643427
12.850102
14.051135
12.246709
8.435076
5.614996
8.786914
10.951158
8.108060
8.257969
5.401205
3.538057
9.668787
11.793633
-1.087195
5.026488
12.134846
9.238019
5.336124
3.429257
-5.482507
-0.399113
-2.320527
-3.245973
-7.173349
-4.102558
-12.034096
-6.968039
1.095708
3.159351
5.223375
4.287896
-1.646983
-2.581178
11.485384
4.552759
-7.379009
11.690107
3.761633
12.836582
5.914997
11.996909
9.082340
-2.828698
7.263793
10.359803
5.459310
-6.437721
-0.331333
10.778417
8.891463
9.007727
4.127120
4.249541
11.374879
11.503011
9.633803
18.767111
19.902778
11.040637
1.180509
1.322206
6.465525
4.610142
0.755189
17.900463
8.045748
9.190818
9.335434
1.479344
3.622285
12.763982
13.904148
15.042483
30.178676
17.312403
18.443327
23.571102
23.695366
27.815747
30.931858
27.053723
27.182896
30.319954
17.463556
22.609259
27.750215
21.886215
24.017923
26.145970
23.270957
26.393458
23.514021
23.633166
14.751390
27.869167
18.986946
32.105156
26.223038
24.338082
26.451072
27.562737
22.673754
37.784756
18.896332
25.009031
21.123368
12.239820
22.358834
19.480825
9.606181
10.735260
14.868393
13.005888
6.148026
8.295065
11.447241
7.604766
10.767832
10.936608
8.111243
14.291868
8.478591
5.671502
3.870671
12.076151
3.287976
0.506159
4.730698
-5.038427
3.198743
2.442153
2.691729
1.947378
1.208992
-3.523555
3.749592
0.028274
-2.687690
3.601505
0.895647
7.194503
-7.502175
-2.194653
0.116784
-11.568166
3.750176
-4.928862
5.391804
3.713265
-11.963054
4.362761
2.690606
0.020360
3.351880
-2.314989
-8.980426
-1.644817
-0.308767
-1.972479
0.363822
1.699894
-1.965100
4.368451
5.700279
2.030099
8.357605
11.682359
0.003883
10.321823
13.635807
17.945443
6.250318
13.552913
5.852386
8.145712
7.432796
11.713521
11.987751
13.255327
20.516072
8.769788
13.016259
10.255246
16.486491
15.709717
15.924626
7.130900
18.332885
23.535574
27.738894
19.942766
27.147110
22.351841
23.555696
27.758580
18.960452
24.161265
22.360961
20.559470
27.756714
22.952605
29.147041
25.339914
29.531101
30.722480
34.915575
35.110263
39.306422
26.503924
30.705852
29.912238
24.123075
36.338349
28.558039
39.782120
18.010559
19.243204
14.480249
15.720776
13.964754
10.212143
10.462897
7.716254
3.971033
8.227241
3.484871
-1.255488
7.006344
4.270358
0.530216
3.784986
-2.964929
12.280849
-2.477329
2.760865
3.995665
2.227349
1.456180
-2.317601
2.906228
4.127865
1.347491
-10.434733
-6.218666
-1.004186
-2.791189
4.420410
-6.370971
3.834785
3.037843
-3.761655
10.436410
1.632134
-5.174407
4.016841
-4.794091
-1.607189
-5.422462
-5.240138
-0.060475
-0.883516
-4.709322
-6.537975
-5.369461
2.796786
-9.039332
-7.877931
1.280854
2.436868
3.589937
-4.260131
-2.113547
2.029459
-3.831364
0.303716
2.434410
2.560410
1.681389
-3.203552
0.904670
1.005711
1.099208
2.184441
-2.741555
0.320950
-0.624969
-6.572903
-2.521897
-5.471818
-7.422539
-7.375493
-8.331351
-5.289838
-9.250696
-3.213687
-0.178592
4.854790
1.886643
-5.081645
1.953240
4.991421
10.033017
-2.921854
-9.873080
6.179443
-1.764186
-8.703878
-3.639553
4.428859
-8.498582
-5.421828
8.659161
0.744412
7.833941
1.927752
8.025838
3.128180
12.234749
4.345501
17.460384
10.579331
15.702264
13.829094
13.959720
15.095307
9.237018
13.383588
5.534826
17.690736
15.851313
26.016539
21.186386
22.359482
23.534199
19.710627
22.888839
28.068893
23.250832
23.434681
28.620454
18.808145
32.997737
30.188863
10.379889
29.570867
27.761829
28.952790
26.144095
18.338444
11.535927
21.736017
10.936950
3.138942
17.342185
15.546853
6.753099
6.961056
9.170836
-1.617464
5.596229
3.811974
2.029809
-1.750243
-7.528180
6.695984
-0.077781
1.150476
-3.619311
-0.387224
-4.153362
-2.917842
3.319204
-7.442373
-0.202741
-2.961284
-9.715236
-4.464649
-0.209585
-9.950119
-7.686340
-5.418347
-7.146253
8.129820
-1.590266
-1.306658
-1.020311
-0.732150
-3.442284
-3.150832
-1.857930
2.436272
-3.268390
-4.972091
-0.676965
-2.382135
0.912392
-4.793465
-2.499603
0.794293
12.088125
-5.618218
-6.324861
1.968660
2.262359
5.556102
4.849743
3.141281
-6.571031
6.712954
5.993225
3.268848
-1.460211
0.806041
1.067579
-5.675646
-1.423700
-2.176670
-0.935966
4.298586
-0.474742
-3.255808
1.955503
-9.840728
-4.644447
-8.455630
2.725719
3.899570
-2.934136
1.224517
-4.624584
-2.474934
2.674918
-4.174892
-1.024240
6.126986
1.278881
8.431527
0.584994
1.739335
1.894592
2.050792
-5.792051
-3.633937
-5.474879
-3.314903
-0.154049
-6.992371
-5.829933
-4.664991
-3.497473
-4.327429
1.845079
-1.980019
-3.802807
-3.623379
-4.441841
-6.258307
-3.072906
-4.896398
3.282501
-3.536051
-7.352131
3.834177
6.022778
-2.787853
0.400824
4.588827
0.776163
3.962829
-0.851193
3.334067
-0.481431
5.702260
-0.114925
-2.933063
2.247757
0.427437
4.605862
-10.239021
0.915943
-3.929219
2.225522
0.380192
2.534818
-3.310570
-4.155947
6.998716
-2.846554
-7.691730
-4.536784
4.618311
-8.226417
-7.070941
-7.915233
-0.759266
-1.603012
0.553555
4.710465
-0.132257
-0.974582
10.183517
-1.657932
8.501097
1.660633
-1.179297
3.981334
-0.857446
-2.695610
2.466870
3.630021
6.793871
5.958447
1.123776
-2.710113
0.456807
2.624562
-3.206819
-2.037309
-3.866881
-3.695506
-0.523158
-3.349810
-4.175433
0.000000
3.176516
2.354143
0.532908
1.712839
0.893963
-4.923693
-0.740100
-3.555232
1.630940
-3.181559
2.007301
1.197547
-0.610795
-2.417697
-3.223130
2.972932
-4.829483
2.369651
4.570364
2.772682
-2.023367
5.182243
4.389542
6.598555
-1.190689
-2.978162
5.236161
4.452310
5.670311
-10.109808
-2.888020
-1.664296
-2.438611
-2.210935
-5.981243
5.250495
3.484305
2.720214
-3.041749
-2.801558
3.440815
-3.314602
2.932218
0.181302
7.432678
-0.313626
1.942417
4.200834
3.461653
2.724901
-3.009394
0.258796
-4.470503
-2.197263
