10.575516
10.647066
3.717543
0.786957
-6.144686
-0.077375
-6.011102
7.054141
0.118365
3.181576
3.243785
2.304999
14.365228
6.424481
3.482766
2.540091
-6.403534
-9.348100
5.706401
4.759978
5.812640
0.864395
-4.084747
-3.034778
-4.985690
-0.937473
-1.890118
2.156382
-11.797962
-5.753143
-3.709151
-5.665979
-2.623616
-6.582054
5.458714
-2.501300
-3.462090
0.576354
-15.385960
6.650978
-9.312824
-11.277357
-1.242612
3.791419
-12.175255
-4.142625
0.889317
4.920581
-9.048824
-2.018891
-11.989610
9.039028
-1.932970
4.094407
4.121167
5.147318
9.172870
1.197831
7.222210
14.246015
14.269256
1.291941
7.314079
5.335678
-0.643252
-2.622702
-0.602665
5.416869
-0.564091
16.454463
15.472540
16.490149
22.507298
14.523997
10.540254
16.556078
33.571478
24.586462
18.601040
31.615219
31.629009
29.642419
24.655456
24.668131
12.680452
15.692427
13.704066
23.715377
26.726368
23.737050
12.747429
20.757516
8.767319
3.776846
8.786107
0.795111
4.803865
-2.187621
-2.179339
1.828721
1.836567
-3.187982
-0.212431
-11.236709
-2.260753
-9.284513
-10.307947
2.668977
-4.353719
-4.375687
-11.395692
-3.413686
-0.429630
-1.443184
-10.453042
-5.459144
-7.461438
-0.459878
-9.454424
-1.446783
-11.440940
-7.453458
1.533791
0.521148
3.508935
-4.502545
-2.513007
-2.522184
-9.529829
-3.535709
-1.539612
-6.541339
-5.540710
-6.537563
-8.531748
-8.523136
-16.511610
-6.497072
2.520563
3.541361
-5.434624
-7.407357
0.623185
1.657007
5.694099
1.734436
5.777977
6.824667
10.874434
9.927191
13.982835
5.041248
13.102295
11.165827
12.231677
8.298749
23.366852
22.435809
14.505428
18.575497
17.645788
20.716944
16.788206
12.860559
32.933806
23.007738
7.082128
-1.843266
11.231301
9.305555
-1.620790
16.451962
15.523490
14.593459
15.661515
4.727289
-3.209605
9.850427
-2.091658
12.965002
-4.979482
-5.925015
-7.871511
-11.818897
-8.767111
5.283896
1.334163
4.383717
1.432572
3.480732
4.528188
-0.425080
1.620897
-6.333927
5.710395
-3.246205
-0.203805
-3.162496
9.877621
7.916431
-6.046191
4.989617
-3.976292
-10.944081
-9.913921
7.114004
-4.860504
1.162349
8.182789
13.201056
6.218069
3.235199
4.252334
-4.730459
-4.709909
6.313989
-8.658767
-2.628183
-5.594268
-5.560143
-2.526612
3.506398
7.538949
6.571094
1.601609
-2.371052
0.653256
-4.325333
7.693304
3.709279
7.722693
5.733638
0.740136
2.742112
4.739708
-7.266949
-6.277746
-3.292580
0.688636
-5.334178
5.631432
-1.413964
-7.469833
-11.536207
0.386384
-0.701478
-2.799257
-15.906458
-3.022628
6.852650
2.717942
0.572348
0.416517
1.251033
5.076421
5.893152
-1.298353
0.502278
-0.704629
-4.918791
-5.139966
4.632047
-5.602590
-11.842751
4.917242
-7.322211
-3.560738
-1.797990
-1.033639
-5.267383
-4.498936
1.271964
1.045557
-1.177933
-6.398303
-12.615371
-1.828973
6.961039
-4.245208
-0.447604
7.353942
0.159506
3.969144
7.782895
-15.399217
7.422813
3.247355
-3.926134
-2.097555
7.733169
0.566093
3.401249
-0.761352
-1.921720
-5.079885
-2.233313
5.616538
-1.530657
8.325207
-0.815782
4.046445
2.911941
4.780742
18.652866
11.528702
9.409132
4.294175
9.183837
7.078106
-9.023045
-2.119660
11.788199
7.700457
1.617021
8.537780
-0.537391
12.389047
10.314009
1.237665
8.160155
-0.916586
13.011916
5.946550
-5.111218
3.838958
3.797403
-6.235574
2.740315
9.725343
-3.280238
0.723812
0.737711
1.761664
1.795858
-1.159534
5.895641
1.961525
17.038242
7.125900
14.224594
11.333708
25.452132
16.580037
11.717478
10.863607
28.018616
7.182673
10.355928
13.538507
18.730516
24.932042
25.143150
20.363886
27.594276
45.834327
42.084026
65.343343
72.612227
77.890607
111.178396
129.475486
144.781752
185.097220
206.421535
233.754513
242.095950
218.445626
187.803296
163.168701
127.541559
85.921568
63.308407
55.701733
34.101182
20.506369
0.916887
9.332305
-3.247829
-7.823993
5.605821
3.044123
0.490708
8.945361
8.407850
-10.122064
-7.644634
-2.160127
7.331179
5.828996
7.333020
7.842936
6.358418
-7.120873
-4.595291
-8.065200
-14.530976
-7.992206
-3.450702
0.093212
-5.360804
6.183917
2.726591
2.266990
7.804869
-3.660039
3.871982
-4.599374
3.925568
-0.553538
-7.037060
13.474616
-11.019102
-0.518818
-9.026075
-8.543273
-4.070769
-4.608944
-0.158208
-5.718996
1.708226
-6.873775
-4.464375
5.936189
5.327665
24.709784
19.082262
14.442961
33.785586
29.110330
22.417340
35.706722
29.978544
22.232835
22.471475
20.691900
11.894512
12.079653
8.247613
13.398634
3.532909
2.650754
-1.239707
10.861860
10.955766
-7.957150
7.124473
-2.799126
-2.727724
6.338886
-10.599108
7.458466
-2.487488
14.563722
-1.387625
-0.341259
4.703071
0.745600
0.786549
3.826119
1.864497
6.901850
5.938331
-8.025928
-13.990808
-7.956210
-7.920727
-12.882539
-6.841467
-7.797353
-9.750051
-16.699428
-13.645368
-6.587770
-3.526546
-6.461621
-4.392937
-12.320447
-13.244119
-4.163935
1.920110
-2.991993
-11.900266
-5.805388
0.292518
-0.606567
-5.502677
-0.395858
4.715529
-8.167883
6.953897
-3.919152
9.212938
2.350121
-5.507656
-0.360462
2.791624
2.948513
13.110103
3.276281
7.446922
-1.378109
0.800246
2.981076
19.164288
-2.650224
0.537421
6.727089
-0.081364
-4.888099
-5.693288
-2.497167
-3.300042
-5.102119
-2.903617
6.295229
0.494176
11.692961
8.893750
12.099572
17.310323
8.525891
0.746159
15.971003
20.200288
19.433875
18.668341
24.896563
17.119146
20.336637
17.549535
19.758290
15.963310
25.164961
23.363574
6.559446
10.752837
14.943980
18.131998
6.316885
15.499013
16.678729
17.857084
26.035678
14.214855
16.395036
18.577564
11.762748
27.950881
9.142238
11.335387
28.530088
24.726739
11.925711
17.127351
9.331980
16.539897
15.751377
17.966671
4.186013
18.409611
4.636858
4.867776
10.102589
6.341498
13.584681
-7.167705
6.084474
1.341332
8.602964
3.869442
9.140821
1.417133
-1.301606
-5.015401
-2.724275
-5.428269
-0.127446
-13.821883
-5.512340
-2.200362
-13.885940
-5.571824
2.740099
-9.949790
-4.641166
-11.333760
-13.027349
-1.721760
-17.416861
-12.112565
-10.808822
-11.505622
-5.202992
-13.900995
-16.599730
-13.299330
-11.999962
-11.701668
-8.403114
-10.104445
-4.805836
-1.504360
4.800504
-2.891294
-6.579824
-5.265175
-3.947456
-12.626795
-6.303339
5.022747
-6.648721
-9.317945
-2.984953
-7.649781
-2.312668
2.026135
2.366357
4.707711
5.049891
9.392577
5.735430
8.078096
5.420201
5.761358
1.101159
3.439182
10.774987
2.110044
8.450351
3.795687
1.145828
6.500546
13.859605
14.222763
13.590060
15.964300
23.345209
17.732519
17.125963
14.525274
12.930186
12.340428
12.755728
17.175810
23.600393
22.029193
17.461917
21.898270
26.337950
19.780647
32.224243
22.666346
15.108004
31.550146
35.993762
18.440801
31.891221
28.344970
31.801992
37.262221
37.725585
22.192002
23.661384
23.135166
5.611675
13.090797
7.572408
7.056379
13.541373
13.026290
-5.488938
9.995613
5.479856
1.963694
14.441040
1.910445
13.372238
10.826720
8.274165
3.714819
-1.851093
4.576624
4.998147
-6.585698
1.825367
0.231481
-2.367234
-0.970678
2.421231
-7.191445
6.191336
-0.430399
1.943354
7.312585
-5.322736
8.035889
1.388349
2.734667
9.074819
-4.591466
3.735784
2.056520
6.371508
9.681532
-7.013433
-2.713430
2.581481
1.871221
10.155696
-0.565207
0.708385
-8.023676
2.238449
6.493541
-2.259330
3.979701
-2.789519
1.432843
1.643653
5.841686
5.026993
-0.800408
-6.640523
0.506612
4.640934
-17.237647
-16.125805
1.983981
2.091824
-0.802165
-6.697880
-4.595217
-3.494082
-6.394385
-7.296048
-2.199000
-8.103180
-2.008538
7.084362
-2.826276
-2.740267
-0.657445
5.422340
2.499220
-0.426693
-3.355302
3.713472
-3.220308
0.838948
-1.108801
-0.061357
-9.017605
2.022962
-2.939293
1.095961
-9.870976
3.160166
-5.810370
0.217631
-5.755640
8.269983
4.295479
8.321206
7.347283
11.373813
11.400877
19.428536
10.456833
19.485792
21.515418
8.545698
10.576603
10.608085
5.640079
19.672502
15.705257
12.738228
17.771283
12.807043
25.846991
16.892666
15.944093
16.004163
18.075103
13.156933
21.249672
21.353341
25.467960
27.593545
22.730109
15.877661
19.036205
28.205738
16.386251
11.577730
14.780150
21.993483
17.217691
9.452729
11.698542
-0.044929
-4.777756
1.499985
-2.211794
-3.913187
3.395702
-8.285239
-0.956131
-11.617102
-12.268291
-9.910003
-8.545666
0.824705
4.200208
-4.420010
6.963289
1.347694
-9.266599
-4.879416
-7.490602
-12.100024
-5.707565
-8.313130
-4.916643
-9.518044
-3.117293
-6.714368
-4.309266
-5.902000
-4.494625
-5.087397
-8.680222
-0.273030
-4.865777
-5.458441
-6.051022
0.356457
-7.236051
-0.828613
-5.421319
-4.014280
7.392371
-0.201522
-4.796134
-0.391663
3.011672
5.413628
-2.186056
8.212333
-9.391512
3.002079
0.394648
-2.211815
3.182540
13.577549
4.973035
4.368805
0.764651
-2.839933
-1.445449
-5.052125
-6.662896
-1.277960
1.100618
-4.525518
-2.156608
-8.792821
8.565658
-7.081379
0.265843
1.607079
-4.057936
7.270514
2.590673
0.901191
5.208172
10.513434
-7.182939
2.119123
1.419678
3.718767
-1.983580
-4.687348
8.607464
4.900844
3.192767
-2.516809
-7.227934
13.059322
-4.655118
-16.371351
-2.090413
6.187276
8.461659
6.732661
0.000193
-1.734322
4.529198
4.790669
2.049998
5.307075
1.561779
8.813093
10.059982
-5.718521
7.499599
10.714359
5.925768
14.133816
0.338485
-0.460261
3.737531
9.931803
1.122480
20.309478
5.492698
0.672029
-7.152653
8.018518
4.188487
3.358475
3.528454
1.698388
-1.131767
0.000000
1.130366
-0.740589
-4.612784
10.513862
2.639429
8.763999
6.887651
8.010467
-1.867472
2.253914
9.374705
-2.505017
8.614829
3.734322
2.853544
-5.027425
-9.908503
1.210389
-8.670667
-9.551590
5.567699
18.687282
6.807240
-6.072347
-1.951398
-4.829833
-7.707570
-1.584529
0.539371
-7.335790
0.790070
6.917030
-13.954828
3.174577
8.305325
6.437496
5.571173
0.706434
1.843362
-2.017964
-6.877462
-9.735052
-3.590653
-6.444184
0.704435
-0.144715
6.008447
2.164001
-0.677971
-4.517389
1.645827
-8.188241
-9.019513
0.152092
-13.673346
-5.495745
-5.315026
-4.131106
-0.943906
-4.753345
-1.559342
-2.361816
2.839313
7.044126
2.252704
-4.534872
-5.318523
-4.098166
11.126278
6.354891
-4.412247
-1.175055
1.066547
-14.687359
-11.436693
-12.181375
-8.921323
-2.656457
4.613304
-1.111959
-1.832166
-8.547236
-3.257088
-13.961641
-0.660816
-2.354530
6.957296
0.274744
-2.402106
2.926827
-0.738377
-11.397637
-3.050871
-9.698000
-3.338942
2.026383
14.398056
-12.223842
-7.839231
