8.411268
2.683798
5.951945
7.215757
14.475283
5.730571
5.981670
13.228627
3.471491
2.710311
11.945133
16.176008
12.402982
3.626105
8.845424
2.060987
-1.727156
6.481043
2.685630
-2.113344
5.084168
10.278214
2.468842
-1.343898
-0.159959
7.020707
0.198149
0.372415
-5.456446
2.711612
6.876640
2.038685
3.197795
-4.645982
6.507404
-6.342001
4.805853
-1.048986
-8.906470
-2.766551
-8.629181
-7.494311
-10.361893
-4.231878
-5.104219
-6.978868
0.144225
-2.734893
-9.616173
-4.499567
2.614973
-4.272505
-5.161952
-2.053320
15.053440
5.158375
-2.738467
4.362964
12.462715
-2.439166
1.657371
5.752372
11.845887
5.937963
17.028650
13.117994
1.206046
5.292851
14.378460
7.462920
13.546280
19.628587
20.709891
16.790239
14.869679
21.948261
30.026031
38.103039
38.179333
32.254960
16.329970
30.404410
29.478329
24.551775
26.624797
10.697442
17.769758
15.841795
22.913600
15.985222
27.056709
4.128109
19.199470
12.270842
10.342271
13.413806
9.485496
-0.442612
6.629532
0.701975
-3.225234
4.854602
-2.062017
2.024869
-1.884785
3.208969
-3.693926
-2.593534
-0.489925
5.618095
4.730969
0.848649
-4.028916
-8.901785
0.229982
2.365689
1.501752
-6.361567
-9.224140
-1.085851
-6.946593
5.178027
7.303675
2.430494
7.558612
2.688149
1.819210
9.951892
4.086277
-4.777563
-0.639566
-5.499685
3.642118
11.785868
7.931581
-2.920741
-2.771108
-3.619539
-1.466066
2.689268
4.845926
12.001234
6.155262
-1.691939
7.459672
17.609853
8.757489
9.902654
23.046169
13.188111
19.328540
9.467499
13.605013
20.741093
15.875733
34.008909
22.140583
29.270700
32.399187
20.525958
18.650906
18.773912
29.893209
20.010055
26.124271
17.235659
25.344006
13.449078
18.550301
21.647336
15.739914
13.827748
16.910529
21.987933
20.059613
16.125202
7.184314
26.236540
16.288261
10.339961
17.393342
0.449004
8.506909
12.566968
10.627958
2.688924
-2.250120
10.810832
2.871780
-10.067289
11.993605
14.054435
0.115161
7.175738
8.236107
3.296268
4.356248
4.415969
5.475346
11.532903
1.588171
4.641101
1.692284
8.742287
9.790360
1.836350
5.879854
8.920957
7.959733
5.996246
11.030547
9.062675
2.092661
7.120522
-1.853736
10.169883
9.191362
7.210674
2.226159
3.237606
12.243329
14.242283
0.234610
12.220440
7.199879
-3.826981
7.139934
11.100679
1.055292
13.003794
-0.053813
12.882457
5.812572
6.736481
4.654116
12.566138
2.473473
5.376103
2.273990
3.167084
3.055320
-0.061384
8.816877
8.689991
14.557832
6.420375
12.277768
0.128774
2.970971
13.800487
-5.382403
11.422666
1.216598
13.006605
-0.206653
5.577237
11.358673
0.138039
-5.084300
2.690705
-0.537792
-9.769265
-2.003214
-7.239168
5.523323
0.284681
-5.954694
-9.194425
-6.434155
6.326450
-2.912034
-6.147663
5.619913
-4.608972
-4.834005
-8.054888
-7.271342
-9.483106
0.308612
-5.895954
-4.096528
-4.292851
1.515323
2.328219
5.146047
4.969003
-3.202736
1.630991
-8.529668
3.315415
0.166356
-2.976748
9.886188
2.755229
6.630428
-6.488180
2.399425
1.293247
-7.806724
14.099484
5.011827
5.930247
12.853231
5.779859
6.710143
15.644077
11.581633
15.515978
11.446497
8.373785
5.298361
10.220683
12.141145
-5.939915
13.977788
8.894490
3.811041
9.731943
8.657583
11.588319
23.524472
10.466339
14.414184
9.368246
-3.671263
11.295842
14.269723
5.250515
1.238332
-4.766737
2.235375
-4.755288
-3.738703
2.285129
4.316187
1.354430
-8.600206
-4.547806
7.511525
7.577662
10.650458
14.730251
23.819644
25.918601
14.027068
11.144976
21.272516
12.410798
20.559766
19.719352
36.889473
28.070034
29.262484
30.467133
43.683928
52.912798
58.153661
72.406424
91.670980
121.947209
136.234978
160.534144
188.845092
226.167103
236.499994
242.842994
226.195494
205.557313
165.928257
128.308119
89.696676
68.093693
48.498918
30.910603
26.328337
22.751553
18.179908
6.613168
1.051081
-3.506622
2.939774
-5.610035
-1.156370
3.300427
7.760047
-0.776886
4.687269
12.152401
6.618383
13.085067
16.552289
12.019867
2.487598
6.955265
-5.577371
-7.110564
8.355409
4.820257
3.283666
10.745304
2.206060
13.665984
12.124789
1.582175
5.037821
-0.508609
8.942909
4.390850
10.834662
7.274472
14.710156
4.141489
11.568231
5.990125
0.406899
4.818265
6.222967
13.619829
5.008584
5.390647
8.766168
12.136763
23.503504
24.866300
42.225053
43.579648
40.929962
44.275860
45.617195
43.953809
43.285531
50.612182
37.927926
36.229452
26.514998
28.784196
23.037645
24.275875
22.499359
18.708509
4.903900
18.085947
19.254935
19.411105
9.555152
12.683959
13.798196
7.898443
15.985205
11.061381
8.131559
8.196301
8.256126
-11.688489
-4.637105
12.410680
10.455237
14.496903
4.535987
10.572768
6.608866
-10.354114
-0.315922
0.723673
-7.235118
-4.192104
7.852890
-3.099980
0.949422
-3.998784
-4.944495
-3.887626
6.171892
0.234112
-8.700931
-3.633216
-0.562740
6.510486
4.586436
8.665067
-4.253679
-3.169874
5.916396
-3.994973
-4.904096
-3.811105
12.283855
4.381023
8.481416
11.584911
5.691368
9.800638
-2.087444
0.026943
3.143610
4.262349
-6.617056
9.505163
13.628759
13.753474
12.879036
10.005159
2.131543
5.259385
4.389380
16.521305
8.654925
14.789997
1.933398
5.086146
-1.751948
6.418939
1.598637
9.786985
4.983825
14.189000
12.402356
12.623739
4.852992
19.088976
18.330949
12.578926
21.832914
23.092918
23.358931
22.630942
30.908932
31.192873
21.482733
24.778468
32.080029
28.387357
25.700388
26.018690
11.341254
22.668039
14.998997
23.327769
22.652511
24.973750
28.289783
20.600628
17.906801
34.208779
23.507009
22.801894
27.093696
29.382772
27.669453
26.954041
27.236815
15.518025
16.797900
22.076641
22.354429
20.631421
25.906445
18.177842
20.445971
10.711155
10.973680
11.233797
17.491724
16.747645
17.001716
11.254062
8.505381
15.756222
15.006684
12.256841
8.506744
3.756418
13.005864
9.255061
8.505523
12.757393
11.010099
6.263486
1.517571
7.771549
-2.974599
4.279113
4.532650
-2.214046
4.038951
6.291541
3.543608
0.797868
2.054304
1.312885
-3.426439
0.836270
-11.899069
-3.632551
-4.364289
-2.094408
2.176949
-6.550377
4.723441
7.998214
3.273739
7.547031
-0.183721
-2.918477
1.342774
6.600018
7.853213
2.102293
11.347167
4.587719
3.823807
11.055269
14.281914
14.503531
14.719883
15.930794
0.136345
7.337376
14.534578
12.727743
12.916644
15.101034
17.280648
6.455202
9.624392
15.787896
3.945618
10.097552
12.243342
10.382615
21.514976
26.640012
19.757291
18.872287
15.988385
22.107659
23.230896
24.357907
33.488509
23.622529
24.759795
27.900139
23.043392
19.189385
17.337946
33.488897
25.646362
21.810072
27.982041
33.162486
31.351298
35.548372
39.753613
29.966928
30.188228
28.417425
35.654433
31.899162
32.151156
26.408540
27.671309
24.939459
29.212980
27.491024
18.774470
15.063295
9.357472
5.656340
4.955914
9.249065
6.536383
9.818424
6.095708
5.368724
2.637930
1.903755
0.166599
8.426838
-0.315180
-2.059130
-0.804711
-0.551646
7.700321
-1.048575
-1.798121
-0.548127
-3.299440
1.947849
2.193972
2.439137
-5.316470
1.927313
-0.829375
0.413585
1.656291
-8.101183
5.141220
6.383535
7.625776
4.867940
-8.889998
-1.648082
2.593624
0.835040
0.076062
-1.683429
-0.443574
0.795469
1.033521
0.270384
2.505843
-2.260339
9.971581
3.201329
-2.571391
9.653104
1.874477
3.092372
-4.693591
-4.483812
3.723912
2.930136
-0.865379
3.335648
3.533021
-5.273472
0.915939
0.101010
4.281477
1.457063
-3.374383
-0.214450
-11.063357
-3.923272
3.206110
0.325705
1.435473
-6.464650
-5.368130
-0.272552
2.822194
2.916213
10.009602
6.102449
13.194832
-2.713179
7.378474
9.469842
5.560960
0.651857
7.742547
10.833034
3.923312
6.013361
6.103150
7.192638
12.281771
2.371153
11.462598
17.556099
3.651640
17.749202
8.848756
14.950268
16.053145
18.156817
13.260494
10.361746
20.460748
22.557658
24.652615
24.745741
28.837141
16.926904
19.015099
19.101781
21.186989
27.271345
22.355061
31.438148
20.520605
28.604693
27.691011
25.779634
30.870620
35.964016
31.059865
37.158313
26.259373
26.363046
21.469318
27.578163
25.689542
34.803403
30.918000
23.033178
19.148683
26.264503
17.380612
14.496483
16.612086
5.727378
10.845201
6.967429
11.094137
11.225391
-0.638752
5.501754
-7.353051
2.794964
3.943059
1.091520
-1.759384
-0.609406
-2.458315
-9.305902
-10.151972
-0.996923
-1.840735
1.316786
1.474954
-3.366497
-3.207219
-0.046892
3.114777
-0.721944
-5.556809
-2.389600
-8.220120
-2.048192
-2.873666
-4.696409
-2.516311
0.666718
-4.147252
0.041827
-1.766014
-3.570764
-2.372432
0.828955
2.033349
-0.759315
-1.549121
-1.336172
-5.120588
-6.902511
-5.682098
0.540473
-2.234993
-2.008712
1.219083
1.448140
0.678186
5.908930
-0.859939
0.371248
4.602141
-1.167633
4.061534
-8.710773
-0.484989
1.738427
2.958994
-1.822627
-4.610690
-4.406100
-5.209284
-2.020704
-6.840187
-2.664041
-4.486312
-4.307142
-1.126481
-4.944286
-4.760519
2.424848
-3.388164
-2.199544
2.990711
-1.817406
-2.623911
-5.428831
-6.232201
-5.034067
-5.834485
-3.635249
-4.437484
-4.240051
-2.042539
-1.844876
1.352992
-4.448890
-8.250492
-4.051798
-7.852802
1.346487
-7.453952
2.745513
2.943252
-3.860298
-6.663204
0.534648
-0.266641
-5.066985
-2.849812
-2.632308
-1.414463
2.803724
3.022238
8.241053
5.460128
-0.320587
3.898844
2.118344
-0.662175
9.557185
-0.223687
0.995081
3.213353
1.430980
0.647798
1.863634
3.078302
-1.708399
1.512104
4.732048
3.951399
-0.829880
-1.611823
0.605534
3.822157
-1.961989
3.253060
5.467269
2.680603
-1.106973
-4.895494
-3.684995
-1.475511
-3.267078
-5.059730
-5.853504
-5.648433
3.555448
-1.241898
-0.040505
1.159591
5.358357
4.555756
3.751753
1.946313
3.139402
-0.669016
-7.478976
-10.290514
-3.103664
-4.918461
6.265060
2.446862
1.626912
5.805174
-2.018386
2.156195
2.328883
2.499642
0.668438
4.835236
0.000000
-0.837305
-4.676713
0.481739
-3.361983
1.792086
11.943911
0.093456
-2.759313
-4.614432
5.528064
-3.331860
-7.194239
-6.059107
-0.926502
3.203544
5.330994
4.455813
-2.422033
4.697420
4.814137
1.928083
6.039223
4.147521
-4.747057
3.355454
3.455018
-2.448400
1.645166
0.735679
-1.176894
2.907410
2.988557
-5.933489
-3.858762
-6.787298
-0.719131
2.345703
-2.592832
-2.534769
-3.480145
1.571006
5.618649
2.662748
-2.296732
-0.259825
-3.226568
-1.196994
-4.171139
-2.149039
-9.130728
-3.116242
-0.105615
-1.098883
-6.096080
-3.097243
-2.102405
