13.078994
10.047322
15.019736
17.996184
15.976613
15.960970
13.949202
2.941256
20.937080
16.936620
15.939824
18.946638
21.957011
21.970888
13.988216
3.008944
3.033019
19.060386
12.090994
8.124789
23.161719
8.201730
3.244771
3.290787
8.339726
6.391535
9.446161
-8.496448
8.563654
3.626415
4.691781
-2.240300
0.830118
-1.097016
-1.021757
-11.944156
-4.864268
2.217857
1.302163
-2.611401
-3.522888
3.567648
-6.339845
-5.245420
-8.149130
-6.051028
-2.951166
-6.849598
0.253623
4.358444
8.464814
1.572678
5.681984
7.792678
-2.095291
9.018023
14.132568
3.248289
-5.634865
4.483053
4.601989
4.721891
2.842706
8.964380
6.086862
16.210098
11.334036
10.458621
9.583802
6.709526
27.835739
6.962389
14.089423
31.216788
33.344431
28.472300
36.600340
47.728500
39.856726
36.984966
35.113167
23.241275
24.369239
29.497004
24.624519
24.751729
21.878583
21.005027
21.131009
20.256476
9.381374
18.505651
19.629254
12.752130
13.874226
12.995489
13.115867
0.235306
5.353753
-0.528844
7.587462
8.618284
12.648682
-0.321203
4.708761
0.738695
2.768710
-3.200019
-4.167040
-8.132241
-5.095514
0.943234
-2.015906
-2.972858
6.072451
0.120080
3.170084
5.222505
-1.722620
-2.665267
-3.605417
-3.568767
0.468670
-1.492959
5.546482
8.587116
6.629052
18.672385
7.717199
9.762632
1.807604
3.852275
-1.103211
0.941275
-13.014155
0.030593
0.075600
-8.879071
-1.833372
-1.787271
8.259250
0.306189
13.353534
4.401252
10.449297
4.497608
7.546105
14.594696
12.643270
9.691702
17.739849
7.787552
14.834638
9.880915
16.926174
20.970190
24.010487
32.045788
33.075987
31.102258
22.126364
24.148010
21.166686
31.182571
25.195641
17.205856
7.213162
17.217484
13.218732
28.216799
14.211562
12.202879
14.190591
17.174525
7.154485
9.130263
16.101629
10.075021
-3.948771
10.030276
8.012176
7.996936
-3.015445
-1.024977
-5.031680
-5.035580
7.963286
-5.035126
4.969129
-3.024011
8.984802
-0.006467
4.002198
6.010799
0.019328
5.027765
2.036076
1.044218
2.052134
3.059756
-6.932998
-1.926219
16.079989
7.085509
4.091038
7.098324
7.107324
0.117985
2.130243
-0.855348
10.164056
4.188487
5.217974
-9.747466
-4.707820
-1.663083
-0.613257
-0.558353
-1.498388
-3.433385
-3.363375
-6.288395
-5.208491
-4.123713
-6.034118
-1.939769
5.159266
-8.737087
-6.634424
-2.532677
-4.431788
0.668286
-1.232421
1.866108
1.963880
2.060891
-2.842879
-1.747461
10.347103
6.440756
6.533429
5.616309
-4.311722
8.749815
-9.198637
10.843335
0.876105
-2.099978
2.915400
4.922524
-0.078350
14.913008
7.896796
-3.126814
-0.157676
-5.195865
-1.241585
11.705250
16.644499
0.572814
-1.509498
2.397822
2.294990
-2.817822
-6.940483
1.927094
-4.215042
-3.366628
-3.521519
0.320612
-6.839934
-12.002882
-3.167974
8.665698
2.498492
-1.669368
-8.841437
-6.017303
-0.196482
-6.378532
1.436955
4.250348
-4.938014
-4.127826
3.681188
-0.510728
-4.702567
-3.892792
-1.081148
6.732279
0.546579
-12.637998
3.178776
-3.002893
11.817179
12.640786
3.468296
6.299901
0.135776
-2.023923
12.820942
13.670492
14.524831
14.384045
14.248204
4.117359
16.991548
8.870790
12.755088
4.646538
19.545219
6.451175
8.364436
0.285016
9.212913
2.148110
12.090575
18.040263
3.997111
16.961043
3.931966
1.909773
15.896139
4.891017
5.894344
-3.093952
1.926041
-4.045776
5.982788
11.010837
4.039857
-0.928401
5.106571
2.145240
3.188035
4.235349
9.287541
7.344935
12.407826
21.476481
16.551136
13.632001
9.719258
17.813066
15.913558
14.020842
14.135004
21.256105
8.384186
25.519264
26.661335
32.810372
24.966329
42.129137
38.299493
58.477356
67.662633
73.857993
96.064908
112.283423
146.513569
175.755363
213.009620
251.275520
268.553036
272.842124
251.142730
222.454781
190.778194
146.112871
108.458698
69.815548
60.183282
38.561745
18.950768
14.350169
0.759750
7.179303
-6.391399
-5.952594
4.495465
0.952511
-1.581738
0.892422
2.374681
-2.135289
-0.637826
5.866714
10.377960
0.895526
6.419012
7.948607
1.485994
1.030880
0.582961
-6.858078
1.707439
-7.720826
-2.143221
7.439895
0.028154
5.621173
-6.781114
-0.179133
-1.579133
4.018715
9.614217
3.207165
17.797327
14.384456
1.968284
1.546252
-3.882671
4.681319
6.238001
4.787138
-8.671533
-1.138296
13.386544
6.902656
18.409687
18.907261
27.394975
32.872401
19.339086
22.794548
36.238276
36.669732
45.088344
51.499310
26.902410
42.297412
25.677552
42.042298
37.391804
14.726189
26.045546
18.349936
16.639393
13.913925
16.169487
13.403680
19.623968
15.832203
16.029129
13.215419
10.391686
14.558490
4.716341
3.865704
2.007000
10.140615
6.266896
13.386157
3.498681
7.604718
3.704492
11.798196
3.886000
-3.031744
16.048655
4.127350
8.204479
14.280162
5.354505
9.427596
-5.500492
8.570298
2.640006
-1.291343
3.776260
-13.157191
1.908280
5.972638
-7.964172
-2.902217
7.158421
2.221593
-0.712659
13.355593
-1.573731
11.499283
-6.423109
9.659638
9.747533
3.840577
6.938764
8.042076
4.150489
11.263967
13.382466
16.505934
4.634306
7.767509
0.905460
6.048067
6.195428
2.347753
6.504941
10.666881
4.833449
7.004515
8.179938
14.359565
12.543236
2.730779
6.922015
1.116751
19.314696
2.512930
11.711352
11.909847
2.108287
5.306532
7.504427
0.701807
7.898491
17.094287
18.288989
16.482378
19.674224
14.864282
20.052293
26.237987
35.421080
41.601274
33.778259
26.951710
25.121289
28.287475
22.451535
21.615023
21.777182
23.938423
26.099224
19.260039
31.421295
29.581450
18.740135
19.897822
18.054962
22.211984
44.369294
21.527281
24.686310
33.846730
27.008870
18.172972
17.337156
32.501881
23.667578
17.834378
18.999774
17.164446
15.329020
15.494076
20.660147
13.827729
15.997280
15.169219
10.343934
12.521783
27.703089
4.888150
14.077236
4.270589
0.468427
16.670940
0.878298
7.090500
7.307022
1.527997
-0.246461
3.983736
4.218659
0.458356
-1.297145
3.952162
1.206264
2.465129
0.728704
7.996916
-4.730326
4.546864
4.828358
-4.885997
8.403629
-0.302952
-9.005950
-13.705594
1.597867
0.904164
-8.786990
-6.476948
-5.169454
-1.864551
4.437682
-2.262870
-3.966352
-1.672944
-4.382861
1.903650
3.186311
-6.535194
-2.260956
-1.985178
6.292123
-0.429091
0.851126
8.132700
6.415540
-4.300463
7.984565
5.270481
7.557124
8.844317
15.131865
2.419558
3.707168
9.994450
7.281144
8.566972
6.851640
12.134839
11.416240
8.695501
7.972261
10.246144
11.516756
17.783687
23.046508
12.304776
18.558029
16.812637
18.069072
13.327115
17.586543
19.847123
16.107618
21.367703
21.627171
19.890030
23.158948
21.433608
23.713719
24.999012
29.289234
21.582719
19.877880
23.174624
24.472856
34.772480
25.075762
28.383546
32.695075
26.010334
33.329367
30.652205
30.978877
36.309401
19.643788
18.982040
17.324153
10.670761
16.021191
11.375408
0.733371
7.095030
18.460324
8.829184
4.201396
-1.424879
7.950280
0.326848
2.704793
7.084069
5.464623
3.843049
3.215985
4.583730
-1.053442
5.304722
5.658450
-3.992051
-1.646598
3.694974
-0.968214
-2.636284
-1.309034
-0.986288
3.332108
-4.353717
4.956342
2.262370
1.564428
-10.137443
5.156680
1.445812
-0.269991
0.009302
-0.716302
12.553179
8.817706
3.077217
-8.668733
-0.421626
1.818538
1.051727
1.277886
-0.502976
3.711885
8.922496
8.128866
1.330980
7.528803
2.722282
2.911341
-0.904114
1.275802
-1.549045
1.621193
-0.213657
-7.053787
6.100593
2.249253
5.391945
-13.471601
-3.341670
0.781431
0.897375
2.013447
-8.869630
-10.751927
0.367695
-3.510757
-11.387371
-0.263976
-1.141896
3.977955
-1.904570
-4.789393
6.323611
-2.565481
1.542632
1.648056
1.750882
3.851183
2.949016
6.044491
-1.860073
-3.764628
-1.669765
4.424669
3.521781
-0.378402
-0.275855
-2.170555
6.937518
-8.951624
8.162027
7.277539
10.394608
14.513292
6.633639
7.755685
8.879454
11.004959
13.132199
11.261163
10.391826
19.524152
11.658091
15.792071
7.924613
15.055820
20.185776
18.314546
9.442176
16.570723
28.701147
27.833560
21.968059
17.104725
28.243621
24.384797
29.528285
30.674104
22.822254
23.972724
27.125486
23.280496
15.437697
21.597017
19.758370
19.922747
23.093732
19.271342
14.454645
10.643555
9.838106
8.038326
18.244231
3.455829
8.673117
2.896080
5.124696
-0.641070
-6.401262
-7.160255
-1.919358
-3.678141
-1.435661
-3.191651
-3.945870
2.301904
-4.448128
-9.195789
0.059082
-4.683377
-1.423046
-7.159824
-0.893629
-6.624397
-10.352082
-3.076656
-4.798109
-8.516448
-7.231697
-5.943898
-4.653109
1.640594
-8.062881
-3.763643
0.538183
-12.157546
-1.850990
-4.542322
-3.231737
-5.919443
0.395384
-0.287568
-0.969609
-4.650889
-0.331573
-5.011841
0.308109
-2.371932
-6.052195
-6.731428
3.591677
2.916995
-4.755610
-2.426862
7.901707
-2.769988
1.557959
5.882403
-8.796599
-3.479009
-1.164806
-1.853991
0.453414
-5.242630
1.055870
-9.650314
-7.362145
-10.079590
-6.802644
6.468673
-2.265684
-3.005784
-7.751717
2.496397
5.738421
-8.025809
4.203520
-9.573801
3.641996
-5.145833
-1.933761
3.278219
4.490100
-2.298138
7.913474
-0.875110
0.336052
3.546890
-3.241605
-7.029168
-0.815874
-5.601810
-5.387073
2.828229
-3.956025
-5.739966
-5.522924
2.695042
-7.086095
-10.865433
-7.643088
-1.419190
-3.193876
-4.967294
-2.739602
-2.523571
4.691582
1.907351
-4.876215
4.340921
-0.441210
4.777411
4.996796
3.216947
4.437856
5.659507
2.881873
0.104919
0.328601
1.552864
-1.223329
0.000000
6.222814
5.445069
0.666708
-4.127607
-0.922645
2.281592
-4.514897
4.687885
1.889939
-1.908739
4.291850
9.491706
7.690826
8.889208
5.086852
-2.716245
4.479917
-3.324665
-2.129992
-10.936065
-1.742886
0.449543
-1.358779
0.832147
6.022318
4.211733
1.400392
3.588291
-4.224570
-6.038193
1.147421
-5.667731
-3.483649
4.699665
-0.117791
-6.936018
4.244983
-3.574791
5.604659
3.783332
1.961226
-1.861660
-1.685329
4.490219
-1.335018
4.838958
1.012147
0.184545
-1.643848
0.526967
5.696987
1.866211
3.034638
-3.797735
-4.630907
0.535118
-0.299661
-2.135244
-7.971634
-4.808833
-4.646841
0.514339
-2.325293
7.834260
0.992997
-0.849083
5.308017
-5.535703
1.619755
7.774389
0.928198
-2.918819
2.233334
-11.615341
-2.464849
-0.315189
-3.166364
-3.018375
-8.871223
-7.724910
-5.579438
0.565191
-1.291023
5.851918
-3.005988
-2.864743
-5.724347
-6.584803
-2.446112
2.691724
-2.171295
1.964827
0.100091
-2.765506
-8.631965
-0.499289
1.632523
1.763467
-2.106457
9.022749
-4.848916
-3.721455
-7.594868
