-4.266968
-0.031436
10.200167
7.427872
2.651712
2.871719
10.087926
3.300364
14.509067
14.714066
4.915395
15.113084
0.307166
17.497674
3.684641
-2.131903
10.048076
6.224610
5.397732
6.567473
10.733866
7.896942
5.056736
11.213278
8.366602
4.516738
-1.336279
-8.192418
-6.051648
11.086066
4.220755
12.352450
-0.518814
0.606993
-6.270095
7.849953
-7.032830
-2.918412
-4.806761
1.302156
-7.591629
-7.488083
-4.387175
-3.288872
-5.193141
-5.099951
-5.009269
-0.921062
-8.835300
0.248052
-0.670975
4.407651
1.483963
10.557994
3.629774
11.699337
6.766716
1.831941
2.895047
10.956064
-1.984975
3.071963
4.126910
3.179898
2.230959
6.280127
12.327432
7.372908
12.416587
15.458500
14.498681
16.537162
11.573974
21.609151
12.642724
17.674727
23.705190
25.734147
29.761630
27.787671
31.812302
30.835556
15.857466
29.878062
20.897378
13.915447
21.932299
25.947968
22.962486
13.975885
12.988198
13.999457
3.009694
7.018941
12.027231
4.034596
-0.958932
9.046681
2.051465
3.055453
2.058678
-0.954189
6.032527
3.016982
0.999493
-5.019635
-7.040118
-9.061683
-2.084074
-0.107051
-8.130385
-5.153865
-8.177291
-4.200479
-1.223257
-7.245466
-0.266964
1.712384
-4.307306
2.674072
-1.343387
-4.352964
-1.360441
-0.365773
-9.368925
-0.369881
-5.368634
-0.365195
0.640413
2.648153
-4.342158
4.668555
-4.317604
2.699952
-7.278717
-1.253562
-2.224547
-5.191645
-2.154842
6.885865
-8.069532
5.978947
-4.968728
3.087399
11.147275
3.211066
15.279035
2.351114
7.427228
7.507290
-1.408799
9.678851
9.770114
14.861789
16.953849
15.046251
14.138939
18.231840
24.324869
21.417925
13.510891
10.603637
24.693093
16.779281
16.862142
14.941597
8.017549
18.089882
27.158457
2.223119
14.283691
11.339975
17.391756
11.438793
8.480827
0.517578
9.548740
-0.423677
7.606403
8.639023
3.674221
-7.287976
8.752453
1.795516
1.841217
3.889547
-1.059510
-5.005979
4.050105
3.108698
-4.830254
-1.766812
3.298952
5.366956
4.437113
2.509321
-3.416528
-5.340550
7.737128
3.816371
4.897033
3.980497
-3.933297
-0.844453
1.246917
2.340495
4.434775
8.529690
1.625162
6.721110
2.816656
2.908665
4.997099
6.081860
6.161968
7.237379
4.308036
2.374964
6.439229
6.497702
5.549503
1.594820
8.633823
4.666666
3.693488
-0.285588
3.729543
3.738973
-9.257225
4.741009
5.733718
-2.279070
3.702654
2.678889
2.649612
10.613623
9.570780
4.521673
3.467785
3.409620
8.347246
0.280719
13.209569
6.133619
9.052917
3.967495
7.877372
4.782551
7.683024
-1.421234
-0.536779
-5.663935
4.197657
8.048321
9.888354
-0.281980
2.537555
1.347165
4.147029
-2.061324
5.726494
7.510841
-1.707939
-1.929524
-5.153609
-3.379906
-4.608146
-0.838078
-6.069466
0.697909
-3.535752
4.229735
-10.005461
-3.241186
6.520716
7.277784
-0.969371
4.779966
4.526207
5.269732
-2.989109
-5.249994
6.487369
0.223247
0.957879
14.691478
3.424235
2.157172
-4.109304
-0.375030
6.360134
1.096305
-0.166421
-4.427971
3.312310
4.055956
-2.196912
3.553806
3.308197
12.066328
-4.171753
13.593986
16.363562
1.139135
13.922924
13.715065
9.515680
13.324881
16.142766
14.969421
12.804922
-1.350671
8.502695
9.365462
7.238524
0.121947
11.015784
7.920078
7.834801
19.758705
8.691852
4.634295
3.586074
13.547215
3.517735
4.497637
2.486913
-1.514457
-1.506506
-0.489277
-2.464287
-3.437330
-2.408053
-6.376136
-0.341284
3.696768
2.738259
3.783402
10.832383
20.885365
4.942485
13.003856
11.069568
17.139686
10.214253
14.293288
13.376786
12.464720
17.557041
23.653675
18.754526
24.859256
19.967518
30.079168
39.197260
48.321797
54.452766
60.590136
84.733859
91.883873
118.040095
144.202429
172.370427
194.545609
206.729253
215.921330
197.121796
165.330566
142.547448
109.772368
82.005235
59.246081
41.495830
25.753360
12.017585
12.288500
-0.433915
3.850301
-4.858904
0.438403
-5.257863
-4.947801
-0.631527
-5.309173
-6.980885
-0.647556
-2.309329
-1.966364
3.381161
7.733051
11.089094
3.449058
-2.187304
-5.820260
0.549906
-0.077112
-5.701635
11.675390
-1.946388
0.432675
-0.190773
3.183015
6.553759
-4.078847
9.284863
2.644526
4.999751
13.350115
5.695167
7.034421
6.367356
7.694247
-9.982221
6.337663
5.653636
5.966340
10.275494
-2.419202
2.881937
-1.821422
6.473671
9.768103
21.061646
22.352091
27.639350
27.923324
36.203901
35.480958
44.754357
37.023953
50.289583
45.551077
33.808249
33.060904
27.308832
24.551814
11.789616
26.021994
12.248691
14.464669
14.664363
20.848093
11.016138
17.168738
15.306092
3.428365
4.535893
4.630222
4.711487
-0.220213
12.835193
8.884596
-0.071023
2.968614
7.003771
0.034696
-2.938383
-1.915254
10.104279
-3.879603
4.133263
4.143024
3.149813
-2.847231
-8.849143
-6.855683
-5.866630
-3.881785
-6.900973
-6.924035
0.049164
0.018699
-4.015389
-8.053017
-8.094119
3.863432
-0.176200
-5.212698
-5.245895
-3.275630
-1.301756
-9.324422
-3.343724
-6.358979
-6.369795
2.623984
0.622499
-9.374118
0.634251
-2.352287
-5.333637
-1.309717
-8.280455
-3.245792
-5.205682
-1.160087
4.891014
-2.052365
8.009775
4.077241
3.149838
7.227548
8.310341
1.398178
8.491005
-1.411243
6.691356
2.798714
-3.089271
3.027288
6.148266
-7.726476
4.402915
-0.463724
1.673434
3.812555
3.952184
16.092251
6.232667
6.373332
16.514124
12.654910
21.795539
18.935843
14.075639
27.214728
23.352894
23.489905
18.625511
32.759449
19.891434
11.022701
18.159105
22.298879
19.441383
14.586672
12.733252
21.875892
21.015067
25.151225
12.284788
18.416149
21.545679
21.673725
17.800610
21.926636
24.051820
18.175423
10.297786
26.419224
14.540028
17.660463
17.780772
10.901177
9.021874
13.143040
13.264832
14.387383
6.510810
5.635267
11.761798
8.889143
12.017526
1.147148
4.278184
2.410787
2.545089
1.681198
5.819201
3.958361
3.098580
4.239924
4.382439
-0.473851
2.672151
-0.178421
-3.025493
-3.869009
-5.708930
-7.545232
-1.377908
-0.206969
-5.032442
1.145631
-0.672810
2.512160
1.701215
-3.105715
-4.908714
-3.707882
-5.503335
-6.295203
-10.083404
-10.867865
-5.649078
-7.429771
-4.209968
-10.989712
-3.769069
-5.549448
-10.331809
-5.112993
0.107162
1.328798
-3.447967
-7.223033
2.003677
5.232221
0.462669
12.695169
1.929727
-0.833670
2.404947
3.645529
2.888008
8.132298
3.378297
-1.374119
8.874913
7.125235
10.376674
7.629036
4.882112
12.135675
-3.610520
7.643264
3.896747
2.149630
12.401597
12.652312
16.901424
11.148073
19.391814
19.632241
23.868952
15.101525
12.329517
17.552465
21.770510
8.983184
18.194998
18.411480
17.632512
22.857974
24.087744
25.321695
23.559695
24.801607
31.047290
21.296595
28.549367
35.805446
36.064664
29.326847
36.591812
28.859372
23.129330
30.401485
30.675625
21.951533
22.228986
19.507136
20.784242
21.059418
20.334052
6.609217
11.884953
9.161291
2.438253
3.715857
1.986623
2.250044
-2.493381
1.756815
10.001071
4.239800
-1.526612
3.702196
-3.073441
-4.853209
6.363182
8.576001
1.785797
-0.006939
-3.801980
5.400882
-4.398166
-1.198952
-2.001324
-1.805149
-7.610326
2.582087
-2.227746
-4.039683
3.146401
1.330608
-5.486978
-1.306295
-0.127624
0.049078
-0.775974
4.397426
4.569282
1.739586
-5.091693
12.075400
1.240802
8.404432
0.566194
0.724422
2.878924
-0.970347
-0.823413
-6.680300
-4.541111
7.594027
-1.273296
-0.141753
2.988636
5.117838
-1.754198
3.372462
-2.502261
-7.378464
1.743743
-4.135764
3.982872
-5.900503
-10.786060
-4.673984
4.435525
-1.457748
-10.354035
1.745780
-0.159984
1.928493
1.011014
-5.911552
-0.836649
-1.764604
-2.695291
5.371528
2.436076
4.498556
5.559157
4.618049
6.675385
10.731578
5.787826
-2.155741
4.900993
-0.041868
5.015763
4.073961
5.132789
2.192294
7.252510
1.313457
6.375143
11.437562
13.500693
5.564881
11.631560
15.700719
17.772334
14.846371
8.922783
13.001514
21.082496
23.165494
22.249789
11.334835
16.420405
22.506435
23.594655
33.685758
16.779748
28.876295
26.971780
29.066388
33.160288
34.253632
36.346554
20.439170
30.531581
33.623871
39.716107
24.808340
30.900605
32.992920
26.085289
23.177698
23.270119
30.362507
25.454802
27.547278
22.642565
26.740688
16.841661
15.945482
20.050260
8.157199
15.266525
-0.621554
7.493153
7.610824
8.731622
-7.144309
-2.016836
2.114157
-5.750391
1.389824
-0.465085
-4.315017
-0.159886
-8.999620
-1.834161
-0.663464
-1.487496
-2.306240
-4.119691
-2.928071
3.268362
-8.530408
2.675590
5.886313
0.101706
-3.678301
-9.453791
-0.225503
-6.995084
2.237457
-3.527391
-5.289645
-5.049334
-4.806504
-5.561220
-7.313557
-2.063609
8.188514
-6.557312
-6.301228
-2.044033
2.213802
3.472131
-0.269213
0.989592
-2.751652
7.506841
4.764840
1.022097
0.278349
-1.466689
3.785262
-0.967468
3.274925
-3.487781
0.744172
4.970519
4.190969
4.404877
-0.389679
4.807053
-7.007150
0.169586
-1.660483
1.502673
-8.341135
-5.192119
-2.050510
4.083436
3.216818
8.350615
-0.515040
-0.380077
2.755540
0.891841
2.028844
-0.833439
3.304993
3.444130
-1.416046
6.724437
1.865539
-0.993721
2.144837
0.281292
0.415707
7.548129
-3.321405
0.807122
2.933542
0.058780
-3.817129
1.305836
-3.572316
-5.451590
3.667998
-7.213584
-0.096379
4.019559
1.134160
3.247985
1.362135
0.484742
-1.394260
5.724691
6.841647
-3.043354
6.069712
6.182486
4.295193
7.407888
-2.479387
7.633400
4.746272
1.859238
1.972296
-4.914565
2.198631
2.311852
-2.574950
1.538172
-9.348850
1.747631
1.843416
3.938522
6.032970
6.126776
3.219959
8.312538
1.404529
-0.504047
-1.413173
0.677169
-2.233003
4.856330
-5.054813
-2.966416
-2.878459
-2.790925
-8.703794
1.382950
2.469328
-0.444645
4.641052
7.726436
2.811526
0.896339
1.980894
-1.934791
2.149302
-1.766808
-5.683103
6.400436
-2.516175
-3.432916
2.650232
5.733285
-3.183738
0.899183
0.982064
-1.935076
-4.852219
-6.769346
-1.686439
-0.603480
-1.520451
0.562667
-0.354108
-3.270758
-2.187265
3.896389
2.980224
-3.935744
5.148505
-5.767012
-6.682276
1.402731
-8.511973
6.573631
0.659561
-2.254166
5.832470
-4.080514
-2.993099
2.094733
-0.817000
-3.728279
0.360913
1.450596
2.540786
0.631503
5.722765
-1.185411
2.906995
0.000000
-1.906377
0.187882
-0.717206
-0.621620
-8.525344
-6.428359
-1.330648
-4.232190
1.867031
-0.032966
-5.932163
-0.830542
1.271916
-3.624771
4.479415
-3.415508
-2.309521
-1.202607
-8.094746
-2.985921
4.123887
-6.765305
-3.653478
-8.540613
-5.426693
-5.311698
-0.195612
