13.028196
15.132642
10.236760
9.340554
4.444026
4.547179
-2.349985
2.752536
0.854746
6.956646
10.058239
15.159528
12.260516
10.361204
6.461596
13.561693
2.661499
15.761016
13.860247
12.959193
15.057858
4.156244
4.254354
7.352190
1.449754
5.547050
4.644080
2.740846
-0.162650
-10.066403
3.029587
-3.874677
6.220808
-3.683955
2.411036
0.505784
11.600290
-9.305442
-11.211409
-10.117610
-0.024042
6.069298
2.162413
1.255304
-5.652025
-0.559573
-4.467336
-2.375312
-5.283498
11.808107
2.899507
3.990704
-2.918299
2.172500
7.263104
3.353515
-0.556265
-3.466232
0.623616
3.713281
2.802766
8.892074
-3.018793
4.070167
11.158957
10.247579
7.336037
8.424333
14.512468
23.600446
6.688270
4.775941
15.863463
23.950838
33.038067
26.125155
29.212103
35.298915
32.385591
29.472136
27.558552
17.644840
22.731004
17.817046
18.902969
27.988776
16.074468
16.160048
30.245519
12.330884
21.416145
19.501304
5.586364
0.671327
8.756197
17.840975
3.925664
8.010267
1.094786
10.179224
-1.736417
12.334170
-7.591230
4.482734
13.555612
2.627640
0.699038
-6.229984
-11.159232
-3.088523
-6.017687
-4.946566
5.124984
-2.802904
4.269892
3.343479
2.417955
3.493404
3.569901
-8.352493
5.726271
0.804802
5.885282
5.968513
8.055172
8.145306
3.238948
16.334948
0.433342
6.534179
2.637499
9.743327
-10.148325
10.962547
6.075932
12.191807
2.310137
-4.569123
5.553966
6.679335
-1.193101
4.936565
11.068225
11.201758
17.337034
7.473909
7.612225
5.751815
22.892498
13.034080
14.176356
17.319107
6.462104
13.605103
26.747849
21.890075
30.031231
31.167288
28.298058
24.423337
14.542904
23.656517
28.758361
20.851062
8.934428
19.008244
21.074897
24.135124
21.188865
19.236046
16.276575
15.310344
11.337613
23.363917
17.390332
13.416929
18.443771
5.470914
20.498405
22.526287
2.554591
3.583342
7.612557
-10.357758
7.672397
-4.296988
6.734069
-0.234460
10.797388
6.829569
8.862028
6.894701
13.927517
11.960392
12.993238
5.025955
7.058433
5.091579
16.126159
7.162117
3.199386
9.237895
0.277562
1.318301
8.358224
-0.606588
9.423827
1.449538
7.470598
1.487050
5.498924
3.506239
-0.490999
6.507206
6.500834
-1.510143
5.474232
14.453907
-0.571185
7.400280
13.368412
6.329010
12.282230
7.228333
-10.832437
4.100149
10.026306
10.946233
17.860112
0.768114
-1.329608
13.567085
8.458316
14.344195
7.224816
7.100258
2.964274
4.815455
-4.345522
5.481962
-4.701525
1.104537
4.900624
12.687169
-1.535435
8.233166
-4.006707
13.745228
-1.510779
-0.774511
-3.045783
-6.324440
3.389641
2.096554
3.802150
8.508215
-0.784548
-1.075540
-5.364436
-2.650930
-1.934731
4.784434
-5.493176
2.232680
-4.037771
-3.304320
-4.566770
8.175058
0.921329
-3.327806
-0.572214
-11.811771
-3.046374
7.724071
-0.500360
0.280396
-2.933611
7.857653
-1.345732
8.457542
-4.732478
-2.915757
7.907727
1.737981
-7.425000
3.417311
4.262640
4.111160
0.963025
-7.181633
7.677299
8.539912
1.406279
2.276452
8.150463
9.028325
4.910032
-4.204442
2.684858
10.577866
8.474498
8.374303
10.276766
11.181776
1.094069
16.014422
5.942939
20.879713
13.824761
2.776487
16.735018
2.700473
8.672953
-1.347451
10.639340
13.633389
13.634750
9.643462
5.659552
7.683034
11.713910
2.752167
3.798290
9.852845
0.915827
10.987219
14.066696
2.148724
6.233288
2.320595
1.410887
8.504383
12.601280
-1.298250
6.805943
6.913989
22.025991
14.142036
15.262185
7.386480
20.514939
13.647561
14.784322
25.925177
33.070059
30.218881
9.371531
19.527878
19.687767
16.851022
18.017442
26.186804
33.358381
37.529612
39.700374
53.870513
62.039844
68.208430
96.379977
114.554496
139.731977
169.912393
179.095255
219.283476
243.477095
240.676135
233.880604
206.090494
166.307005
140.530173
92.759995
75.996453
49.239513
35.489127
20.745232
18.007749
11.276587
3.551636
7.832774
0.119865
-12.587246
1.711276
-1.984754
8.324466
5.638724
6.957791
-8.718578
7.609358
17.941322
17.276115
10.612032
-0.051145
6.286349
-0.375741
5.962308
2.300202
4.637617
-0.026273
-7.691809
3.640647
3.970712
4.297976
1.622009
4.942354
8.258528
6.570022
11.879288
3.186081
2.487987
-8.215258
1.076063
7.361647
5.641170
7.914288
7.180638
1.439833
6.691467
3.935109
10.170307
11.396587
6.613392
5.819307
14.018530
17.211095
22.396910
37.575872
32.747865
24.912760
40.070418
41.220684
35.363394
29.498371
19.625423
21.744350
24.854763
16.946368
10.019623
7.081568
6.134754
17.179667
21.216769
9.246499
13.269271
9.285480
7.295494
9.301530
-0.694912
6.306594
9.306456
-2.694935
10.302789
2.299982
4.295591
-6.710471
12.282249
-7.726204
3.262802
0.249852
1.235493
0.220237
-2.795441
-0.811094
3.173689
3.159294
0.146078
-1.865627
-5.875518
-2.883313
-0.888754
-1.891608
-7.891662
-4.888726
-6.882630
-7.873224
-5.860381
-7.843989
-12.823960
-0.800222
-2.772723
-10.741428
-1.706321
-6.667405
-4.624700
-10.578242
0.471913
-0.474307
3.584536
1.650843
-2.275347
-8.194009
-9.105128
1.991296
6.095252
3.206715
2.325648
-10.547996
2.585721
-5.273274
-4.125067
3.030244
3.192123
-2.639955
-6.466083
11.713631
7.899070
0.090100
4.286577
6.488339
-0.304783
6.907024
1.123561
5.344618
-6.430032
1.799374
7.032584
15.269333
15.509341
8.752318
9.997958
15.245940
18.495933
16.747589
20.000548
17.254434
27.508859
28.762178
25.012514
26.259365
33.508216
24.757077
20.999154
26.235165
20.465756
19.691509
16.912952
23.130559
28.344757
25.555931
24.764426
16.968821
21.169095
31.365572
18.558904
19.749789
21.938491
28.125247
15.310267
21.493737
21.675816
23.856702
13.038250
23.220621
18.403957
17.588881
19.777950
11.971352
15.169261
6.371832
16.579204
19.791499
5.008773
6.229499
4.453826
6.681887
1.913801
9.149670
8.389579
15.633601
7.881791
2.134190
5.389274
0.646993
4.907427
5.169500
5.433354
2.699110
5.965659
-5.767299
-4.499579
-2.231025
-1.961503
1.309093
-0.419152
3.853820
-1.871955
-2.596465
-6.319719
-9.041750
-0.762612
-9.482383
-6.200209
-2.914644
-4.626501
-0.335800
1.957469
-3.746705
-13.448352
-10.147521
1.155720
3.461286
1.769071
1.078953
-8.609210
-11.296106
16.014230
4.321937
4.627117
-4.070159
7.230169
10.530286
1.830280
2.130217
11.430132
8.730038
4.029923
2.329752
-1.370534
1.928982
5.228196
8.526982
0.825193
9.122657
3.419185
17.714564
-0.991439
19.300923
8.591375
0.879621
0.165347
19.448214
11.727866
17.003925
15.275991
7.543643
21.806441
16.064102
14.326742
20.594198
18.866814
23.144442
22.426932
16.714129
27.005873
29.302000
23.602338
15.906708
21.214925
29.526796
25.842119
37.160686
24.482279
40.806671
32.133629
33.464364
37.799195
30.137894
35.480626
29.829054
29.182937
27.542038
14.906115
20.274984
18.651081
27.035390
11.426628
9.824648
14.229301
11.640435
9.057893
12.481513
0.911130
11.346575
6.787673
12.229177
13.663267
-1.910533
-6.491690
3.920292
-2.674125
-3.274514
8.119525
0.508357
6.892323
7.271737
2.646884
0.018027
6.385403
5.749227
2.109690
-4.533037
-1.178807
0.172508
-2.478985
-0.133201
4.209928
5.550448
-0.111611
-4.776242
3.556547
1.886728
2.212800
9.535097
5.854113
-4.831128
-0.520843
3.785071
3.086696
-6.615915
-5.322731
2.966256
0.251031
3.531557
5.807773
-6.920403
5.346927
4.609637
1.867581
-2.879407
7.368482
8.611041
1.848039
5.079225
0.304326
2.523049
5.735078
-6.059921
4.138996
-2.666886
-2.477282
0.707592
-1.110165
-5.923439
-1.732374
-0.537103
12.662253
4.865577
-2.927510
0.278623
5.484152
4.689240
-13.105967
9.098667
6.303262
11.507924
6.712746
8.916997
4.120736
-2.675955
2.526993
4.729635
1.932010
1.134144
0.336049
5.537721
-1.260857
-1.059715
10.141101
6.341533
8.541507
7.740939
9.939727
5.137758
16.334906
16.531029
6.725974
6.919573
15.111646
12.301998
15.490423
18.676698
16.859224
15.037759
20.211719
16.380893
25.546490
19.708525
25.866993
20.023146
25.176367
33.326595
23.475659
30.624030
29.771802
28.919058
32.065867
31.212286
33.358358
26.504115
36.649576
30.794746
33.939618
25.084174
26.228382
25.373041
31.517387
24.658480
22.796498
23.931596
20.063912
22.193566
13.320657
14.445323
9.569319
6.692762
13.816306
7.944141
-0.923556
-0.786619
0.355110
1.501776
2.650857
3.802510
-2.042961
-3.885273
-7.724160
-5.559372
-6.390681
-7.217873
-1.040752
3.140862
-5.672868
-0.481795
1.714213
-2.084728
7.121481
-9.667073
-7.450320
-7.228206
-2.000689
-0.767743
-2.529357
-1.285533
-9.036289
-11.781654
-5.521674
-0.256408
-1.985930
-4.710325
6.570305
1.855846
0.146170
-7.558866
-3.259418
-1.955654
7.352241
6.664070
4.979621
-5.701329
0.620978
-1.053709
6.271717
1.596628
-2.079113
0.244336
1.566796
-4.111926
3.207164
-1.476910
1.835665
1.143800
-2.553621
-5.256737
6.034288
-1.682547
-4.405416
-3.134566
-9.870267
5.387186
-3.362527
-1.119750
-3.884857
-7.658244
1.559662
-6.233102
1.966904
5.166439
-3.634340
-1.435286
2.763738
-4.037142
-0.837812
-7.638170
0.561873
-5.237604
0.963464
-1.834870
-2.632567
4.570400
-2.225952
-8.021624
-1.816625
0.389022
-8.404723
-6.198491
4.007682
-5.786254
-3.580362
4.625282
-5.169410
-2.964537
-1.760215
-2.556776
-5.355284
-4.155667
-0.959224
-5.762141
2.435688
-5.365643
3.833950
10.034539
-0.763816
2.438934
4.642828
-3.152109
6.054140
4.261579
2.470201
7.679989
3.890914
3.102938
-8.683989
-0.469929
1.745049
4.960861
-0.833729
0.371329
-1.423965
-0.219616
5.984376
9.188009
3.391280
2.594188
0.796730
10.998905
-1.799290
-1.597856
-2.396796
-6.196111
-6.995804
-11.795876
-6.596330
0.602833
-4.198390
0.000000
-1.802000
2.395609
-1.407175
0.789645
-2.013932
-1.817909
0.377712
-1.427069
1.767744
-2.037851
1.156145
-2.650271
6.542900
-2.264344
1.927994
2.119913
5.311410
-1.497516
0.693133
-0.116646
-7.926855
0.262506
-1.548567
-0.360076
7.827978
-2.984407
7.202766
5.389496
7.575780
3.761617
-4.052995
-3.868059
5.316424
-7.499549
-8.315979
1.867132
1.049781
2.231967
6.413687
3.594941
5.775724
4.956037
-2.864124
-1.684760
-1.505874
4.672533
3.850459
-0.972099
6.204858
-1.618673
7.557307
-5.267204
5.907792
-4.917708
-1.743705
-8.570202
-10.397199
3.775299
-2.052707
0.118779
4.289756
4.460221
-5.369826
-0.200389
4.968530
-4.863070
-1.695191
5.472165
-0.361005
3.805298
1.971072
6.136315
-2.698976
-2.534802
0.628834
0.791931
-8.045513
-5.883500
-2.722032
-10.561112
