3.855418
-7.682893
-2.227915
6.220398
5.662094
-8.902780
0.525823
3.947949
-8.636354
-1.227040
1.175939
2.572630
-3.036921
8.347333
-1.274560
9.097447
-4.536600
1.823347
-5.822666
2.525408
0.867617
0.204007
0.534625
-8.140481
4.178735
-2.507679
-4.199677
0.102788
5.399763
-4.308704
0.977432
-0.741780
-5.466294
2.803938
-1.931039
-1.671176
-2.416428
-5.166746
6.077916
-6.682396
-7.447633
-3.217749
-6.992697
-7.772430
-2.556902
-4.346064
2.860130
-4.938274
-3.741228
3.451316
4.639403
-0.176919
-3.997604
7.177397
0.348129
1.514640
-0.323023
14.835186
-1.010685
0.139411
3.285521
2.427691
0.565968
6.700401
8.831034
3.957917
1.081095
10.200615
6.316525
14.428872
12.537702
6.643062
14.745000
11.843562
19.938796
19.030748
31.119466
37.204995
28.287384
32.366680
30.442928
25.516177
26.586473
17.653864
23.718395
21.780115
23.839070
17.895307
14.948873
15.999816
17.048181
17.094017
14.137369
12.178286
6.216814
3.252999
9.286890
7.318533
-4.652026
8.375262
1.400442
-1.587764
4.424143
0.432505
2.437597
-8.560319
-10.561002
-8.564222
-4.569767
8.422560
-9.587055
4.401554
-0.611457
-8.625948
-1.641792
-6.658875
-6.677099
-3.696377
-1.716636
-4.737817
-7.759643
-6.763017
-0.764072
1.237268
-6.758934
-1.752417
-4.742902
-2.730345
1.285284
-0.695998
2.325817
-6.649275
3.378710
0.409743
-4.556213
-0.519210
4.519916
1.561030
3.604081
-6.350679
-6.303089
6.746787
1.798874
0.853086
11.909324
7.967478
15.027426
9.089035
12.152160
6.216644
10.278194
12.336571
12.391769
10.443768
9.492531
24.538000
17.580103
17.618750
22.653833
12.685225
14.712785
9.736351
13.754060
17.768422
17.779289
15.786498
10.789548
14.787759
5.780952
9.768931
9.756778
1.747424
6.740923
8.737324
5.736671
13.739001
7.744344
10.752725
1.764161
7.778661
2.796227
-1.183145
-0.159469
5.867828
1.899840
0.936597
-2.022214
4.021280
1.067176
7.115558
-2.833497
-5.781225
3.272065
0.326496
-7.617819
5.439219
9.497698
7.557694
2.619271
-4.317519
5.747364
0.813948
-3.117750
2.952274
-0.975987
5.097448
3.172547
5.249268
-3.672446
5.407339
7.488543
7.570882
4.653425
2.736099
2.818818
-0.098517
0.982827
3.062584
3.140675
-3.782993
-2.708525
-2.641295
4.418733
-5.528373
-5.482310
0.557272
1.590414
-10.382861
7.637824
7.653464
-4.335896
2.669774
3.670613
12.667924
5.661759
-0.347840
10.639151
2.623762
0.606040
-4.413986
2.563704
-1.460825
-1.487516
4.483614
6.452533
-1.580806
3.383539
6.344848
2.296071
0.237607
10.169820
2.093035
11.007543
5.913604
0.811444
11.701259
4.583215
5.457448
9.324064
5.183141
3.034731
-9.121146
6.715507
5.544656
0.366240
4.180173
4.993856
8.807720
-7.378034
3.436780
-4.747665
-4.931213
-0.113721
0.704940
1.524883
3.346208
-0.830999
1.993334
-6.180737
-7.352454
6.478461
-0.687938
6.148393
7.987484
-0.170650
-3.326005
5.521409
-1.627113
0.228568
1.087613
-2.050929
3.813022
0.679534
-8.451343
-6.579572
4.294868
1.170715
4.047135
2.924197
9.801950
1.680432
10.559662
12.439644
5.320972
7.207559
9.098577
18.994206
8.894617
2.799967
7.710401
2.626054
1.547046
3.473488
0.405476
11.343602
9.288337
6.239780
15.195010
4.150976
9.108145
6.066957
-3.972177
11.991128
0.957229
8.926462
1.899134
3.875530
-3.144086
7.840524
0.828273
4.817583
-0.191103
-3.197378
-6.200872
-1.201251
4.801788
6.808515
13.819169
11.833963
1.853075
11.876660
10.904844
9.937726
11.975378
18.017847
14.065154
6.117295
14.174238
12.235931
16.302291
19.373215
25.452905
28.541701
24.639682
40.746913
44.863439
59.989291
64.124483
92.269013
98.422864
129.586001
148.758374
170.939562
207.129798
218.328986
213.537013
180.753749
170.979049
127.212754
95.454688
63.704659
49.962460
28.227868
17.500645
21.780534
2.067266
-0.639448
1.660896
5.968110
1.281895
-3.398064
-1.072100
-3.740562
2.596183
-6.062250
-9.716262
7.633726
-0.012948
5.343836
5.703864
11.066908
6.432726
9.802427
5.176254
0.554018
-5.064488
-5.679479
-5.291187
1.100144
-2.505741
-5.109114
1.289742
1.690531
3.092941
8.496650
8.901320
9.306600
9.712458
-1.880954
9.524458
6.927062
15.324241
9.715313
9.100082
5.478141
8.849239
6.213132
2.569554
12.918222
14.258830
12.591052
11.914540
20.234446
21.550750
24.863370
34.172212
38.477173
39.778137
44.074976
36.367509
33.654770
33.936627
27.212935
23.483536
20.747052
18.997480
23.235022
24.459852
23.671099
14.867171
14.048416
15.215141
10.367611
11.506057
12.630671
10.741612
10.839006
15.922947
14.994176
11.060109
16.121022
14.177172
-1.770998
0.277616
8.323266
9.366189
5.406605
9.445923
5.484583
3.522813
-1.439171
1.598816
5.635802
8.672041
3.707768
-6.256799
1.778541
-5.186027
-11.150336
-0.114233
3.922417
5.959735
-0.002176
-4.963224
4.076663
11.117545
6.159466
9.202456
5.246530
10.291689
-1.662082
4.385189
4.433460
4.482673
13.532758
7.583629
-7.365984
4.683808
7.732942
2.781340
1.829800
7.879298
3.929801
11.981259
0.033600
13.086501
15.139886
7.193660
9.247720
3.301947
9.356208
6.410358
8.464238
13.517676
5.570484
-1.377535
6.674426
-1.273807
12.777577
6.828377
2.878381
14.926882
12.973496
1.017998
12.060148
7.099695
7.136375
11.169908
16.203162
12.239431
15.277987
14.316968
17.356373
24.396195
17.436419
20.477018
22.517959
20.557760
26.595644
24.631642
27.667146
21.704168
29.742753
22.782943
18.824774
15.868280
24.911428
20.950950
27.988231
25.023757
25.055428
20.083051
19.107350
15.129006
24.148664
17.166932
24.184381
17.201554
10.218962
16.237087
13.256384
4.277282
14.300184
11.325468
9.353492
10.384587
12.419065
10.457216
16.499307
4.545589
10.596288
3.651614
3.711758
5.776890
4.847163
-2.077289
14.003651
7.090082
5.182086
8.279725
-2.616954
-4.507921
3.606516
7.725209
-0.151768
-6.024364
-3.892546
-1.756302
-9.615639
-0.470584
-0.321185
3.832494
-3.009634
-2.847674
-0.681748
-8.512002
-11.338599
-8.161721
-2.980964
-4.794692
-3.603002
-5.406010
-3.203846
-2.996774
-8.785443
-3.570002
-10.350619
-2.127475
0.099230
-3.670719
0.561656
-8.204910
1.028276
-1.738911
-2.506613
1.725004
-1.044246
7.185427
10.413794
3.640601
-1.134424
4.088419
0.311283
8.534490
1.757869
3.981229
0.204367
4.427061
6.649073
8.870149
-0.909982
8.308393
2.524969
8.739425
11.951423
7.160608
3.366607
11.569029
3.767343
4.959889
19.146332
10.326642
17.500480
6.667487
15.827286
21.980750
14.133705
18.286042
21.437642
11.589387
13.742717
11.897528
22.053714
10.211165
20.369699
23.527225
12.682950
19.836852
20.988914
20.139112
24.289025
29.440053
26.592263
27.744363
14.895503
25.046025
24.196094
22.345839
17.495377
15.644815
12.794248
14.943761
14.093445
15.243616
9.395392
5.548852
8.704063
8.861082
7.019957
-0.819274
2.343416
3.508047
4.674382
1.842136
-2.988683
-1.818078
-1.652103
-4.490953
1.665711
-3.181798
-3.033188
-3.888192
-8.746948
-6.611664
-4.481892
1.642780
-3.237272
-4.120474
-6.006394
-3.894692
1.214945
-4.677198
0.429139
-10.465810
-0.361834
0.741254
5.843618
-0.054601
-6.953284
0.147667
1.248329
-0.651242
1.448988
-5.450965
-0.351106
-0.251462
-9.152077
-0.053016
-5.954363
-2.856222
4.241283
1.338010
2.434301
-0.469820
1.625488
-0.279955
-1.186343
-10.093892
-3.002835
-8.913424
-4.825929
-2.739969
-4.653926
-3.567977
-6.482316
-4.397147
-2.312694
-7.229191
-8.146889
3.933947
3.013036
-5.910845
-7.838241
-5.769425
-3.704689
-1.644330
-3.588411
-1.539057
-1.493771
-1.452258
-2.414247
-5.377018
-0.339486
-5.301423
6.737390
4.777160
-0.181914
-0.139649
1.904129
-4.050420
-6.003148
-4.953922
0.097382
4.150871
0.206642
-5.735223
2.325346
-0.611596
6.453995
-4.477851
-2.407118
3.666199
3.742091
8.820536
9.901497
7.984929
9.070769
1.158945
10.250869
7.347322
11.448291
8.553746
12.663650
14.778289
10.898835
10.025207
10.156878
18.293832
15.436043
22.583475
19.733366
25.886019
21.041578
21.200105
20.360490
24.522614
20.686553
21.852372
24.020118
19.189828
22.361521
26.535205
16.710872
17.888501
17.068057
15.249490
14.432738
12.617722
13.804351
12.992521
6.182110
11.373819
2.568650
0.767734
3.969358
3.171885
10.375427
-4.420469
-1.216194
-4.011616
-2.806620
-2.601107
1.605004
-2.188222
-4.980737
7.227493
-7.565414
-4.360007
0.843866
-4.953664
-0.752491
-10.552528
-5.353713
-7.156002
-2.959373
-3.763825
0.430622
-5.376071
1.816035
0.006991
0.198004
-0.610968
-1.419475
-3.227567
-6.035186
3.158099
-5.647786
2.547069
6.742556
1.938552
-0.865083
3.331497
-0.471881
1.724596
1.920722
8.116276
1.312680
1.510444
10.709423
4.909461
1.110385
10.312012
-3.485857
7.716568
-0.080617
1.122684
3.325876
7.527713
-0.271990
-0.073430
-4.876820
2.317618
-5.490356
-3.298346
-1.112271
1.065599
0.235213
4.396499
-8.451963
-4.311141
4.818989
1.938425
4.047135
2.145317
-2.766789
5.310742
5.377812
5.440644
1.499904
1.555708
3.608219
1.657878
0.704774
-0.250612
-4.205623
-4.160104
1.886441
2.934218
-3.016672
7.033847
-6.914156
-4.860626
5.194487
-1.748782
-2.689311
-2.626359
1.440152
-2.489710
1.584112
-0.338334
9.742989
-4.172318
-2.084641
-0.993933
-3.890785
-0.785409
9.322197
-0.569213
1.539404
-1.351858
-1.242919
1.866289
4.975821
6.085718
1.196009
-0.693291
4.417823
-4.470660
2.641238
-1.246516
-3.133970
-1.021182
-3.908226
-0.795184
-4.699618
-5.604074
0.491461
-1.413002
-0.317449
1.778130
-5.126252
2.969417
9.065149
0.160956
-1.743150
1.352842
-6.551054
-3.454827
-3.358466
-5.261957
0.834711
-1.068450
-5.971428
-9.874211
5.223213
2.320857
2.418732
0.516850
4.615223
4.713863
-0.187217
-2.088005
1.011509
-2.888661
6.211496
2.311993
2.412841
-0.485947
-0.384360
3.717615
-0.180011
-4.077225
2.025985
0.129630
-3.766277
-1.661725
1.443299
2.548807
2.654810
5.761322
1.868353
-0.024084
0.084022
-2.807315
5.301915
0.411726
-1.477872
-0.366866
-2.255244
1.857006
3.969897
1.083439
1.197645
-4.687473
8.428098
3.544369
-0.338649
1.779058
7.897502
1.016693
-3.863355
0.257369
0.378877
-0.498819
2.624294
-4.251772
-2.127007
-5.001396
-8.874930
-4.747595
3.380621
-3.490271
3.639741
7.770670
-2.097472
-7.964674
-0.830923
0.303793
-0.560515
-3.423834
3.713848
10.852542
1.992262
-0.866982
8.274823
2.417688
-3.438373
1.706650
-1.147229
0.000000
4.148350
-0.702166
4.448462
-7.399753
