10.414209
9.530864
14.646568
9.761325
15.875139
7.988014
9.099953
9.210960
18.321039
10.430194
14.538430
13.645748
12.752155
13.857652
11.962245
2.065937
2.168732
11.270633
6.371645
14.471771
9.571015
6.669382
3.766874
4.863496
4.959252
6.054145
2.148179
-0.758642
4.333687
5.425168
3.515805
5.605603
5.694565
-3.217305
-2.130002
-5.043524
0.042133
2.126974
-8.788998
0.294222
5.376636
-6.541751
-4.460935
-3.380913
2.698320
0.776767
0.854431
-3.068682
5.007430
-4.917229
3.157346
8.231159
3.304212
5.376510
3.448056
3.518856
14.588911
3.658227
7.726807
-0.205345
6.861774
2.928169
-1.006157
11.058801
8.123045
9.186581
0.249411
9.311540
18.372971
14.433709
7.493756
19.553118
16.611797
14.669798
30.727124
26.783780
30.839769
31.895094
29.949761
35.003772
38.057132
21.109843
22.161911
23.213339
25.264131
22.314291
22.363822
16.412728
12.461013
13.508682
17.555737
8.602183
15.648024
15.693263
9.737904
14.781951
8.825408
3.868279
4.910567
-4.047723
0.993411
-4.017925
-2.026717
-3.032873
2.963695
0.963073
3.965344
-6.029416
-7.021135
-1.009745
-6.995184
-6.977396
3.043668
2.068053
1.092824
-1.881841
-3.855773
-0.828814
1.199181
-2.771650
-4.741182
5.268284
-1.720719
2.291044
-6.696921
3.315622
-3.671105
-0.656896
0.358439
7.375077
4.393179
-2.587107
-1.565650
2.457668
-4.517050
-1.489715
-4.460252
-0.428600
-4.394713
3.641439
5.679876
8.720601
-6.236397
-9.191143
8.856325
6.905952
5.957671
12.011400
14.067042
13.124487
8.183609
11.244266
13.306304
10.369554
12.433828
19.498928
15.564636
24.625945
21.682622
26.734653
14.781997
23.824592
17.862094
16.896101
19.926575
16.953454
22.976661
15.996094
13.011632
9.023135
15.030607
6.035522
13.037791
9.037305
8.034634
14.034059
4.035637
11.039411
-0.954586
2.053669
-1.935813
-5.923033
1.091998
0.109257
2.128711
2.150315
-6.825431
2.202205
-2.766811
2.267475
-4.694989
5.345731
7.389562
0.436420
0.486210
1.538829
7.594163
0.652087
1.712469
-0.224837
1.840017
-6.093134
0.975537
5.045848
3.118101
-3.806505
6.271898
2.353166
3.436818
1.521651
3.607524
3.694543
-0.217377
-0.128325
-1.038463
5.052040
10.143004
6.233698
-0.678328
1.407670
-0.509344
14.565874
-0.366479
7.693772
-0.253210
-4.207280
3.833564
3.870179
-4.097230
2.931529
-1.043365
-2.021745
12.996539
5.011630
6.023651
9.032719
-1.961067
3.042380
-5.956860
7.041324
5.037500
9.032088
-2.974852
5.016728
5.006866
3.995583
-0.017110
7.968785
0.951702
4.926532
4.893626
-0.146693
3.805552
-2.249972
2.687056
9.616928
4.539905
4.456221
3.366081
0.269664
6.167123
1.058582
5.944142
11.823876
1.697833
-0.433967
-1.571477
-4.709632
1.151788
7.012986
-2.125855
-4.264562
-5.402984
-4.540810
2.322590
11.187025
3.051474
-10.083866
-1.218817
-3.353431
0.512378
6.378748
5.245799
6.113637
8.982346
-7.148004
5.722643
2.594320
3.467050
0.340836
3.215666
-3.908490
3.968324
3.846046
-0.275402
2.604851
0.487706
3.373134
3.259550
7.146900
-0.963829
12.927399
11.820610
18.715813
21.613004
16.512166
19.413265
7.316257
23.221079
14.127658
11.035904
10.945712
7.855952
8.765776
13.675111
7.586990
8.501460
15.418559
15.338308
3.257565
4.173984
8.088028
4.997962
1.903149
10.805171
-0.294635
7.604310
8.502544
6.400569
5.298847
3.197809
-1.902149
4.999339
1.902610
1.807971
-0.284296
9.626061
8.539271
14.455908
17.376779
15.302080
8.231984
14.166644
13.106187
11.050723
19.000336
4.955094
13.915040
9.880200
21.850578
25.826158
29.806903
32.792758
40.783647
46.779473
59.780461
68.787201
84.799578
93.822479
115.856232
130.900925
171.956635
212.024403
241.103314
260.193407
253.294709
227.407232
193.530979
153.665940
118.812091
83.969399
71.137816
39.317285
16.507735
11.709082
6.921233
2.144080
2.377504
-1.378625
-1.124452
-6.860130
-3.585828
-0.301725
-5.008014
-0.704899
-8.392596
-0.071335
7.258643
-0.402916
11.943720
5.298274
-2.342950
-1.982348
-3.619988
-2.255959
-1.890372
-7.523356
-1.155064
0.214331
-5.415364
0.955635
7.327090
4.698743
14.070312
8.441492
2.810961
8.178264
15.543069
6.905023
3.264092
-0.379000
9.974943
6.325175
10.669759
10.008419
8.340858
10.666749
10.985742
4.297458
8.601493
18.897410
18.186650
23.473880
29.759027
30.042010
39.322732
36.601084
43.876948
41.150189
40.420662
42.688211
34.952663
35.210159
27.458304
27.697208
26.926960
20.147625
14.359245
22.561840
12.755409
13.939930
13.115357
13.281626
7.438648
16.586317
11.724504
10.853058
5.971809
6.077907
4.172798
6.261941
0.345550
4.422436
4.492706
4.557340
11.616637
-0.329123
1.720312
2.765739
1.809763
1.852693
2.894820
-4.063586
-4.022274
-4.981010
-9.939578
-3.897780
-4.855435
-0.812380
1.231534
-3.723562
-1.677553
-3.630341
-3.581841
0.468016
1.519280
-0.427670
4.628419
3.687613
8.749961
-3.184497
-4.115739
-3.043824
-0.969034
4.108630
4.189156
7.271768
0.355464
4.440292
0.526284
7.613455
0.701808
-2.208674
9.881979
-1.026276
-0.933502
0.160226
-1.745182
5.350169
6.446156
8.542646
5.639487
2.736515
8.833547
8.930389
5.026831
8.122646
9.217593
-3.688585
5.403842
1.494586
6.583343
-3.330206
1.754671
2.838479
8.920957
3.001835
10.079570
3.153164
15.222391
17.290546
15.360245
21.431452
21.506558
18.586740
11.671943
21.762117
19.857211
25.957174
28.060450
14.166612
25.275679
24.387665
15.502578
15.620422
21.741191
19.864874
13.986615
17.103247
16.216847
18.328168
20.437698
11.545897
13.653203
22.760027
8.866757
18.973586
9.080604
11.188152
13.296273
19.405233
15.515242
22.626582
7.739522
7.854313
8.971185
10.090351
13.212005
-1.663679
10.463458
6.593556
12.726738
9.863108
1.002756
8.145754
1.292155
4.441999
9.595307
-0.247915
6.912322
7.075990
0.242828
1.410760
6.579847
-0.249870
4.921632
1.094351
-5.731733
-2.556661
-4.380495
-0.203316
-1.025516
-1.847439
-3.669195
-3.490917
-3.312760
2.865102
-9.957530
3.219125
1.394825
-0.430696
0.742277
-6.082994
1.095712
2.278367
1.464929
-5.344656
-3.150454
-1.952545
-8.751021
2.454012
-9.338291
0.871886
4.083560
6.296649
-3.488942
0.726680
5.943391
1.161054
3.379521
4.598626
4.818191
9.037840
5.254009
-0.533263
7.676039
7.881912
-3.915670
2.283250
12.478605
8.670313
2.858268
9.042347
7.222407
1.398286
1.569800
11.736750
2.898915
15.056053
12.207905
9.354192
15.494614
15.628853
10.760434
14.891695
19.022536
13.152807
22.282226
13.410507
19.537546
9.663224
17.787414
13.909972
16.030747
20.149403
17.264169
22.375979
29.484910
26.590884
25.696601
15.802200
31.907653
22.012690
27.118968
22.228641
22.340378
18.454308
22.570548
14.689211
16.810399
18.934206
23.060719
18.190013
14.321453
16.455857
13.593271
9.733736
1.877280
1.023924
8.173678
-1.673456
1.482514
1.641570
-1.196313
-6.031380
-3.871831
-6.717212
-4.567099
-0.421101
-2.278853
-2.140020
-0.004291
2.128617
-1.741036
-5.613016
0.512890
0.636871
-1.240119
-1.116841
-0.993093
-1.868690
-5.743466
-0.617274
-8.489983
-4.361482
-6.231675
-0.100486
-8.967852
-0.833730
-5.698094
-2.560930
-4.422246
-4.282063
-8.140417
-3.997365
-5.852974
-0.707332
2.439461
-6.412714
-5.263991
-5.114519
-0.964464
-4.814008
-3.663349
4.486063
2.633057
-2.222492
2.919272
-0.940754
-3.802081
1.335225
0.471082
-3.394608
-3.261887
-4.130587
-0.000840
-1.872797
-1.746623
-5.622501
-4.500629
-6.381223
-4.264516
-5.150756
-5.040871
0.063823
-7.836901
-5.743290
-0.657317
-7.574094
3.509968
1.594960
0.680966
-0.231938
6.856314
7.945780
0.033232
5.118904
4.203014
7.285767
3.367350
-6.551772
0.528623
0.608683
-6.311458
-0.231682
6.848116
8.928024
1.008117
4.088454
4.169081
2.250028
9.331313
2.412938
7.494892
7.577148
7.659668
8.742397
11.825268
12.908199
3.991097
19.074634
9.156304
16.236510
12.317551
15.399650
15.483010
14.567819
16.654248
18.742449
19.832558
21.924697
25.018969
20.115764
24.215420
29.318013
18.423607
20.532249
13.644154
16.759622
21.878674
19.001321
14.127555
15.257458
12.391007
15.528160
12.668859
20.813034
16.960600
16.111459
9.265498
10.422591
9.582599
6.746134
-0.086933
1.083255
2.256544
-0.567235
5.611738
-6.207648
2.973870
5.156134
-8.661030
-1.477807
-1.293667
0.894803
-3.912438
4.284559
-2.514264
3.691025
-1.099998
-0.891070
3.317883
-3.473078
-3.263905
-3.054565
-1.845039
0.364140
2.569840
-2.227724
-7.028360
-0.831896
-3.638182
-0.447090
0.741488
0.927641
2.111437
-0.707076
0.472134
3.649266
2.824514
3.997870
7.169308
-0.661215
-4.493668
-3.327209
7.838106
2.003745
-0.830306
-0.664075
-1.497604
2.669049
4.835754
6.002407
4.169101
-0.664077
-3.497237
2.669316
4.835270
-0.999508
7.164832
4.328126
4.490194
-1.349157
-3.189344
3.968699
3.124728
-3.721518
3.429688
-5.421948
-2.276730
2.865019
6.002961
-1.864848
0.259546
4.375900
-0.517553
1.587040
2.689908
8.791209
-4.108911
-1.010315
3.087122
4.182984
-2.722739
2.370070
-0.538306
-0.447624
6.642211
3.731279
-2.180348
2.907387
-1.005470
0.081113
0.167210
2.252860
0.337973
-8.579211
4.501551
-0.419515
-3.342205
2.733673
-4.191711
-1.118202
-2.045664
5.041016
-0.873592
2.210569
0.293542
0.375353
2.456018
5.535537
-1.386105
3.691065
1.767005
6.841662
6.916264
6.991848
1.068422
5.145986
4.224528
2.304025
1.384262
5.465021
2.546265
1.599480
-0.347957
3.703987
-2.244656
-1.193855
4.856422
3.906207
2.955531
3.004428
-0.947073
2.101063
9.148865
4.196366
-1.756402
1.290592
-1.662619
3.383996
0.430469
0.476832
-1.476883
3.569355
4.615579
3.661820
5.708110
0.754481
-5.199035
2.847593
-3.105603
2.941410
2.988663
-7.963813
0.084015
-4.867821
-7.819290
8.229640
4.279002
0.328826
-0.620856
4.429990
4.481393
-3.466613
-1.413998
-5.360728
-2.306773
-1.252101
4.803321
3.859524
-4.083460
-0.025600
2.033137
3.092783
-2.846631
-4.785073
-1.722511
-2.658914
-0.594248
-1.528484
-3.461588
-3.393529
-1.324275
3.746205
-2.182056
-2.109026
2.965325
-4.958969
0.118122
-3.803368
-0.723410
-4.641970
0.440984
-6.474518
1.611557
-5.300759
-4.211435
0.879561
-6.027738
-1.933301
-5.837097
-5.739092
-0.639257
-2.537558
0.566036
-3.328443
-0.220963
-3.111493
0.000000
-1.886453
0.229180
-3.653069
-3.533168
1.588915
2.713211
-1.160248
-0.031430
2.099697
-6.766835
-8.630995
-1.492750
-4.352069
-8.208920
