12.593215
-3.286590
18.833180
7.952524
5.071437
10.189919
10.307964
13.425572
-0.457261
-0.340537
6.775740
8.891568
16.006945
8.121867
15.236332
8.350337
11.463879
13.576956
11.689564
7.801702
10.913366
1.024554
1.135262
-0.754511
-3.644769
-2.535514
-2.426750
2.681522
12.789298
4.896576
-2.996647
-4.890374
12.215393
6.320650
1.425395
3.529626
0.633339
-4.263468
0.839202
-11.058654
-1.957038
1.144046
2.244597
-6.655389
6.444086
-3.456982
-0.358594
-2.260754
0.836535
5.933272
2.029452
0.125074
7.220135
4.314632
8.408562
12.501922
9.594711
-1.313076
5.778559
1.869614
4.960086
16.049971
1.139268
6.227974
10.316085
9.403600
8.490514
1.576827
11.662534
17.747633
15.832122
15.915997
12.999256
19.081897
23.163916
23.245310
40.326078
32.406215
37.485720
29.564590
28.642822
23.720413
22.797360
14.873662
29.949314
21.024315
19.098661
22.172350
16.245379
19.317745
25.389446
10.460479
19.530840
17.600529
21.669541
16.737873
14.805524
10.872490
4.938769
4.004358
-0.930746
3.111467
3.152498
2.192198
7.226076
2.252882
6.278423
-1.697022
13.326813
0.350184
3.373336
-3.603497
10.419909
3.443766
4.468276
1.493629
-0.479995
-11.452427
-1.423510
7.606904
3.638952
4.664126
0.690868
0.719355
2.749749
0.782200
9.816847
9.853815
4.893217
-7.064848
-0.020292
0.026960
10.076972
-5.870208
-4.814541
-2.756002
11.305423
-1.630268
11.436915
5.506946
-9.420210
11.655395
3.733702
16.814634
12.898105
14.984016
11.072254
9.162694
5.255199
22.349618
15.445788
18.543533
10.642665
10.742980
24.841464
23.936900
18.026148
30.109279
28.186338
19.257348
25.322305
26.381184
26.430996
13.474301
16.510985
15.540913
20.563920
15.579817
18.588392
21.589401
16.582576
16.567622
15.544214
7.511996
18.473573
6.429251
13.380450
9.330978
8.283203
2.238532
7.197023
2.158735
-9.876283
-0.907983
-7.936327
10.038720
0.017183
6.999082
2.984428
7.973224
0.965466
1.961140
4.960224
11.962689
1.968496
4.977596
9.989935
6.005445
-3.975947
9.045676
8.069375
-5.905688
6.121673
-0.847701
8.185891
3.222460
-1.737990
-0.695463
10.350026
5.398453
-0.550217
4.503972
-1.439036
-0.379303
5.683094
5.748073
-2.184461
0.885388
0.957507
4.031772
3.108052
-0.816415
1.256809
4.326051
3.391337
4.452683
6.510087
-9.436465
5.612998
-1.341569
1.699775
-4.263043
4.769843
-0.202993
6.818844
0.835570
1.847383
-2.145535
1.856983
7.855088
14.848915
3.838584
2.824198
1.805846
3.783599
4.757516
3.727637
7.691590
-0.357328
2.581680
5.509334
3.426282
-3.666886
1.230359
-1.881505
-2.002052
-1.130900
-2.267711
-2.412190
6.435918
-2.719310
2.124361
-2.032650
-0.189947
1.652837
-0.503953
4.340004
8.185005
-4.968674
-4.120779
1.728922
-1.419358
5.434572
1.290885
0.149733
4.011252
-0.124445
0.742740
-2.387116
-12.513952
-9.637473
-5.757273
5.126684
4.014827
12.907876
12.805861
5.708795
9.616674
0.529477
-1.552830
2.369700
-10.703003
-4.771022
-3.834459
6.106568
-3.948074
-4.998537
2.955014
2.912393
9.873400
1.837818
10.803684
12.769695
20.735733
10.701659
8.671863
15.648018
13.630224
13.618566
21.613120
6.613844
15.619067
-4.371099
17.643442
3.662774
19.686968
10.716080
2.750154
14.789219
5.833292
8.882376
16.936461
2.995524
6.059528
0.128423
22.202840
19.283234
16.368231
2.456203
11.545691
5.634464
3.722871
6.811227
0.899815
5.988889
10.078675
19.169368
9.261140
12.354133
8.448463
14.544222
26.641476
14.740267
6.840612
18.942502
0.045908
18.150773
18.257019
20.364543
26.473218
19.582893
29.693393
33.804521
34.916051
43.027737
55.142249
52.260619
73.385982
86.518379
97.657841
114.804384
156.959217
186.123601
198.296555
213.478102
214.668127
179.866633
147.073614
142.288746
91.511711
73.742495
51.981074
36.227409
26.481450
17.743133
5.012384
6.289114
9.573223
0.864597
-2.836889
2.468627
4.780109
-1.902656
0.420196
-2.251485
-3.920203
-2.588563
1.743506
3.076056
10.409117
12.742696
-0.923219
5.411339
-3.253685
-11.918365
0.417204
-1.247094
-1.911397
-1.575861
2.759336
1.093994
-0.571218
0.764322
7.100462
-1.562970
10.773837
7.110677
3.447325
4.783539
3.119060
1.453608
-3.213113
4.118581
3.448355
2.775855
5.100708
-0.577478
-6.259119
5.055351
0.365478
11.670782
21.970765
17.267654
20.559971
23.846824
27.127955
31.403087
27.671930
41.934178
27.189508
37.436561
29.669001
33.886841
19.090107
18.283119
21.466033
20.638984
4.802086
10.955433
9.099095
8.233126
-1.642443
10.472401
0.577555
1.672961
4.758907
-1.164646
4.902238
11.962000
10.021243
5.078148
2.132897
0.184290
11.232102
-3.723339
-4.681721
-0.643196
-5.608549
0.422623
-6.549309
5.476004
-3.501115
-5.480369
-6.460406
2.560787
-11.416445
-7.391775
-4.364899
-8.335529
-9.303398
-11.268257
4.770126
-8.188035
-5.142544
-3.093219
-9.040471
1.015710
11.075507
1.139083
-2.793414
-5.721855
-3.646129
-6.566139
-3.481806
5.606932
7.700121
-5.202207
-0.100037
-2.993370
-0.882223
0.233374
2.353374
-0.522285
-4.393680
4.739098
-3.124058
2.016730
1.161326
3.309578
3.461321
5.616373
12.774538
4.937419
9.106075
9.280404
8.460293
4.645616
6.836238
-9.967990
1.232775
4.438361
2.648587
-0.136740
13.082175
10.305116
10.531856
9.762157
11.995767
5.232427
18.471861
11.713787
14.957907
12.203915
12.451491
13.700305
19.950015
22.200267
21.450697
21.702329
18.956568
11.214792
9.470255
15.718193
20.959451
19.194791
15.424909
18.649354
18.867757
11.080734
11.288853
16.492639
15.692580
17.889125
21.082689
20.273656
21.462377
26.649174
8.834342
15.018148
18.200835
20.382619
21.563798
24.746341
13.930474
15.116400
9.303830
10.492649
19.683032
9.875135
16.069096
-2.734968
12.463043
6.663209
0.865593
6.070239
16.277175
5.486409
14.697934
14.911724
13.128055
-0.652798
3.569120
3.793750
1.021013
6.250816
1.483052
-4.282407
-5.045699
3.190255
6.423947
0.655467
-3.115123
1.112210
-1.662525
-0.439346
-5.218297
2.003017
-8.773173
-3.546893
-0.318013
-8.086423
-2.852027
-2.614748
5.625476
-12.131312
-3.885081
4.364179
-6.383533
-3.128237
-12.869968
-4.608775
-2.344723
1.922107
6.191619
5.463703
-2.261767
7.015201
7.294457
1.575838
10.859164
1.144241
-3.572415
10.709163
5.988930
6.266816
4.542731
3.816565
16.088186
17.357443
16.624163
15.888154
7.149203
11.408000
10.664421
14.918235
10.169193
5.417024
3.661437
4.902124
9.138753
18.370975
14.599490
19.830300
23.063327
17.298484
18.535671
26.774780
11.015695
9.258284
13.502411
20.747924
14.994666
10.242464
19.491139
25.740499
17.990343
17.240459
25.490624
25.740604
25.990156
12.239661
31.490835
21.743485
24.998865
31.257334
17.518709
29.782802
26.049890
24.320935
25.595747
15.874135
21.155839
14.437891
14.717170
10.996148
8.275506
11.555299
9.835574
16.116368
1.397714
1.679631
3.962136
2.245233
3.523941
-0.205112
1.058600
3.316175
-1.431722
2.815363
-7.942145
2.295773
7.527717
-6.245757
0.975867
1.193167
6.406626
1.616659
10.823649
-4.972051
-5.770114
-3.570245
2.627830
-4.175645
-5.980447
11.213620
4.406733
-1.400957
-6.209319
3.981756
11.172356
5.362549
4.552381
8.741881
-2.068944
3.119894
8.308364
7.496416
3.683982
2.870974
-10.942715
6.242790
4.427346
3.610790
3.792941
1.973601
11.152550
-0.670447
-0.495648
-2.323327
1.846222
10.012685
6.175729
-1.664999
-1.509873
1.640713
-6.213655
-2.073415
-4.939024
-6.814484
-2.700935
-1.599848
-3.512160
-2.428602
-4.343688
-12.257331
0.830569
-5.079877
-9.988558
-2.895360
1.199830
9.297121
-1.603384
7.498413
0.602603
5.709268
5.818482
2.930310
1.044806
2.162018
-3.718021
7.404715
5.530241
4.658559
4.789663
-4.076465
4.060145
3.199453
1.341407
12.485945
5.632993
7.782465
7.930484
13.075305
13.217168
10.356283
8.492839
10.626996
11.758893
20.888648
19.016352
13.142079
15.265878
8.387779
10.507792
17.625906
19.742091
16.856298
14.969587
25.082954
22.199286
31.320242
31.445922
24.576414
20.711795
25.852129
18.997468
18.147850
23.303303
26.463842
27.629470
28.800178
17.975944
23.156736
18.342508
14.533202
17.728749
25.929559
17.135871
7.347612
12.564697
15.787030
9.014504
7.246999
14.484384
3.726516
3.973242
4.224396
5.479800
1.739266
0.002593
0.269568
-0.460032
-6.183000
3.100555
5.390515
1.686749
-5.010877
-1.703616
-0.396057
-0.088095
5.220360
-10.471808
-1.164545
1.142240
0.448625
-0.245329
-0.939577
-0.634089
3.671479
-3.023147
6.282083
0.587202
-2.107773
-0.802839
-3.498011
1.806682
-0.888806
9.415467
7.719422
8.022969
6.325182
9.625304
3.923261
10.218961
4.512297
15.803147
0.091370
0.376811
8.659296
12.938637
5.214628
12.487046
5.755650
9.020184
-6.722343
2.527912
8.770768
8.006024
7.233456
8.452818
13.663841
0.865809
-3.942074
-0.758216
-0.582556
6.581543
0.734239
2.875653
2.005877
13.124972
4.232966
9.329861
-2.584371
12.490213
-1.441241
4.625211
3.689751
5.752549
9.813763
7.873536
3.932001
5.989674
4.048562
2.108763
6.170370
1.233466
6.298128
-2.635578
2.432405
10.502123
3.573615
7.646906
4.722012
-4.201063
-12.122325
6.958209
3.040509
0.124536
3.210239
6.297555
-1.613591
0.476717
2.568380
-3.338710
-0.249987
-1.158792
1.933111
7.024623
7.115840
0.206844
2.297704
0.388475
10.479200
-1.430093
1.660614
-0.248675
9.842031
8.932709
2.023327
6.113838
0.204182
3.294288
2.384074
6.473442
2.521264
-1.430561
2.618045
0.667159
0.716857
7.767217
-2.181684
0.870231
2.923038
-4.023185
-0.968362
-1.912414
0.144733
-7.796841
-3.737061
-2.675849
-3.613129
-3.548823
-8.482855
-3.415146
0.654378
-0.274203
-3.200814
-5.125378
3.952183
1.031946
-5.886013
0.198384
-0.714787
-0.625448
-4.533523
-6.438934
2.658395
-1.241458
-1.138417
-4.032404
6.076657
2.188844
-3.695767
-4.577098
-6.455073
3.670386
-1.200645
-1.068088
3.068133
5.208095
5.351876
-1.500448
-6.348799
0.806899
-4.033277
-0.869249
-0.700941
-3.528275
-2.351176
-4.169564
7.016635
-4.792500
-1.596892
-2.396466
3.808857
-4.980847
-3.765500
-4.545026
4.680652
0.911612
1.147929
10.389682
-6.363052
3.889802
4.148323
0.412587
-3.317328
2.958653
-6.759391
-4.471384
-11.177249
-7.876908
-1.570286
-9.257304
-5.937886
-2.611955
-2.279433
1.059755
0.405688
0.758442
8.118094
6.484721
5.858401
-0.760791
2.627224
3.022521
3.425179
0.835274
0.252883
5.678083
8.110951
-0.448435
0.000000
-4.543666
