4.824174
7.952960
5.080000
9.205304
4.328888
6.450763
1.570943
0.689440
-3.193732
8.921440
10.034967
4.146865
7.257145
0.365820
12.472904
16.578409
5.682349
4.784736
-3.114416
1.984905
9.082712
1.179019
-7.726163
-0.632818
6.459064
-5.450502
-0.361504
1.726072
2.812237
-1.102994
4.980391
0.062405
-7.856939
6.222373
-10.699647
-3.622987
-2.547632
-11.473570
-8.400788
-2.329273
-7.259012
-9.189992
-6.122199
-1.055622
-6.990247
4.073939
0.136949
0.198796
1.259493
-8.680948
-1.622512
0.434812
5.491039
15.546180
-2.399751
5.653259
-1.294778
2.756153
-1.193937
4.854965
-5.097126
2.949801
2.995760
8.040764
6.084825
6.127957
4.170172
4.211484
5.251906
6.291450
19.330130
22.367958
13.404948
19.441112
28.476464
25.511017
30.544782
22.577775
30.610006
33.641490
22.672240
21.702268
11.731587
12.760211
27.788151
21.815423
23.842037
22.868008
6.893348
15.918070
7.942188
17.965714
14.988661
16.011042
8.032870
1.054158
2.074920
5.095168
5.114915
-3.865826
1.152958
-0.844770
-8.840209
-2.833365
-3.824250
-8.813462
0.197260
-9.792023
-2.783725
-7.778409
0.224138
-5.775885
1.223260
-8.777974
-4.779373
-10.780737
-0.781876
-9.782614
-6.782787
-2.782036
-2.779977
-4.791559
0.198743
-3.808903
-11.814337
-9.817415
0.181995
-3.815988
3.188742
4.196276
1.206696
-7.779932
0.236447
-2.744127
2.278376
-10.696029
-1.667339
6.364437
8.399275
-5.562860
2.477954
1.520935
-4.435356
-5.390908
6.654275
2.700172
7.746749
9.793956
7.841302
8.887431
7.932336
6.975993
10.018357
9.059367
11.098942
23.137284
14.175600
26.213851
13.251977
16.289905
14.327546
16.364793
21.400033
24.434410
16.467764
15.499780
3.530145
13.558659
8.585100
17.609230
12.630795
7.649495
7.665424
7.678732
12.689229
0.696713
4.704688
1.715188
4.728214
3.743759
9.761808
1.782334
7.805303
2.830316
-1.143607
-3.116480
-10.088323
-1.059168
-9.029061
3.001947
9.033789
1.066392
-5.900332
9.133522
-2.831981
-4.796452
-6.759992
-6.722713
3.315264
0.353807
-2.607226
1.433400
2.476072
-3.481376
-6.440074
0.599472
1.637536
-0.325645
-4.289999
5.744535
-3.221997
2.810443
1.841879
-0.127676
3.901904
8.931657
1.961371
6.987549
-0.989621
-4.969728
-3.952603
1.061907
-1.926063
0.083608
-4.909346
3.093930
-0.906419
-5.910261
-5.917483
-9.927984
0.058318
-1.958508
2.021106
1.997219
-5.030124
-0.060894
2.905050
-1.130991
10.831041
3.791188
2.749477
-3.294079
-1.339480
-5.386742
4.564104
-9.486988
-4.540076
-5.595235
2.347443
2.280449
5.202054
1.112790
-2.986867
-3.096490
7.784300
-10.344163
-4.481587
1.372278
-1.782356
-11.945316
-4.116468
-3.291653
-8.467483
2.356427
-8.819558
0.004905
-12.169866
-2.343568
-11.515922
-6.686666
-10.855561
-8.022382
-11.186926
-11.349007
0.491544
-8.665123
-11.818874
-4.969593
-11.117179
-6.261551
-3.402643
-4.540327
2.325654
-4.804668
9.068720
7.945984
4.828306
-7.284292
-2.391801
0.505348
-1.593412
-0.688064
-0.778607
-2.865056
4.052557
1.973966
-2.102914
1.821976
14.748669
-8.322819
0.607503
9.538716
3.469523
13.399946
10.329984
22.259615
23.189405
4.121145
11.054892
16.993274
6.937206
11.886833
5.842290
8.803694
10.771151
3.744755
10.724583
10.710703
6.703166
12.702013
2.707269
8.718949
9.737051
2.761563
5.792458
9.829121
-3.132192
1.908702
1.951964
-8.002264
-0.953863
5.098257
4.154369
-7.785437
-2.722230
3.344138
18.413795
-5.513154
6.563375
4.643442
5.727088
14.814333
19.905776
7.002900
13.105771
11.214439
17.328939
8.449284
10.575475
16.706040
24.841779
26.982893
31.129561
28.281941
40.440170
51.604817
73.776346
76.954868
98.140475
126.333241
142.533221
164.740452
208.955445
241.177704
248.407211
234.643932
216.887814
195.138788
154.396767
116.661647
90.933305
61.211603
44.496412
27.788456
16.087598
2.393683
3.706540
1.025982
-4.648192
0.683798
5.021717
2.365346
-3.285428
-2.930883
-2.570939
-7.204893
4.167010
-0.455491
5.927331
10.315187
6.707774
-3.895228
-11.494153
-4.089348
-2.681178
-0.270024
3.143718
6.559637
5.977304
0.396274
-9.183915
3.236258
3.656145
-4.926247
4.490776
0.908005
2.325275
-5.257600
-2.840942
4.574918
-3.010366
3.402848
5.811110
3.213671
5.610270
5.000630
4.384456
-6.238310
4.135721
5.506405
7.873589
18.237106
16.596452
22.948732
24.293872
26.631782
32.962361
38.285494
49.601052
43.908894
36.208867
31.500804
23.784365
8.052976
26.303792
22.537312
21.753983
13.954204
16.138330
23.306674
7.459509
18.597071
14.719560
10.827142
6.919948
18.998079
9.062593
17.114012
5.152407
1.176709
-3.805649
3.207910
2.217745
1.223727
8.226088
-3.774805
8.221398
-3.784973
-6.793605
3.195475
3.181942
6.166131
5.148354
-3.871097
5.108047
1.086427
-1.934407
-1.954176
4.027380
-5.989496
-2.004579
-2.018871
-8.032562
-10.045351
-10.056963
-6.067144
-13.075660
5.917701
-3.086868
1.910805
-2.089127
0.913472
-0.081283
-1.073293
-2.062477
-4.048773
-1.032135
-9.012535
1.010040
7.035585
-2.935477
2.097434
10.134311
-1.824870
-2.780145
6.268432
-0.678976
6.379691
7.444428
7.515214
0.592020
-2.325200
1.763502
-0.141944
4.958385
11.064397
7.175989
0.293048
6.415445
7.543044
3.675693
5.813231
3.955484
8.102265
-1.746622
6.408613
18.567749
3.730551
9.896776
13.066166
19.238452
15.413353
13.590576
21.769815
22.950754
7.133064
26.317008
7.506175
12.700386
3.899456
22.103194
23.311403
17.517727
16.717358
23.909016
16.094384
11.273931
11.448087
24.617253
16.781796
26.942056
20.098343
16.251869
19.404271
18.555873
21.706977
15.857860
21.008781
23.159974
11.311654
10.466010
14.623992
20.785845
20.951796
7.122058
10.296648
9.475244
15.658042
13.845222
13.036947
5.233368
4.434619
12.640820
7.852076
4.068479
8.290105
6.517016
7.749261
1.986874
6.229875
2.478271
5.732054
-1.009162
4.253076
-0.481248
-2.212101
-5.939464
-3.663336
-3.383949
0.896649
4.178553
5.461834
1.746544
8.032716
-8.679637
2.609475
0.900027
-9.808029
1.485241
-0.220249
-6.924604
-2.627949
-11.330428
2.967796
-8.733462
-3.434404
3.864747
1.163748
-1.537665
-8.239777
1.056628
-4.652087
-13.366027
6.914827
0.191877
5.465045
1.734225
0.999287
9.260077
-4.483586
4.768092
8.014881
1.256524
7.495976
9.733634
12.969398
10.203150
9.434755
12.664061
9.890898
8.115079
13.336399
5.554639
8.769559
5.980904
18.188402
14.391764
10.590682
11.784833
16.973874
19.157448
15.335176
18.506664
13.671500
23.836388
23.004400
13.175377
9.349164
17.525604
23.704540
6.885811
23.069253
25.254699
22.441976
16.630904
25.821301
22.012975
23.205729
26.399361
27.593659
23.788814
24.983380
32.177245
27.368216
22.556393
20.741901
20.924705
31.104762
21.281960
21.455065
23.624399
24.790603
14.953658
16.112886
17.272153
15.431542
7.591128
5.750976
6.911141
10.071672
-0.767393
-0.606025
3.556547
-8.291006
10.852613
3.988478
6.117571
7.240793
-6.641028
-2.527124
-5.416787
6.690642
-5.204225
-8.100819
-1.998612
-1.897112
0.204137
-5.694441
7.407546
-1.489539
-3.385361
-4.279613
-2.172013
0.937696
-5.950255
0.164343
-3.718322
-7.598088
-6.474812
-9.348371
-10.218667
-4.085618
-6.949163
-7.809262
-7.665893
-6.519053
-4.368758
8.784955
0.942035
-2.897591
-4.734012
0.432662
-5.397693
0.774776
2.949909
-2.872477
-4.692579
5.489386
-6.326818
6.858556
-0.954764
1.232930
2.421331
-4.389892
-4.201086
-2.012618
-9.824876
-6.638268
-12.453221
-4.270186
-7.089634
-6.912056
-1.737971
-0.561452
-1.377695
-8.186825
0.011031
-7.784255
8.427186
-2.354781
-1.130293
3.100506
-2.662532
2.580440
0.824005
3.067320
-2.689472
-4.446243
0.797117
-1.959300
5.284586
4.528836
-2.226503
4.017703
4.261178
10.503973
4.746123
-1.012353
4.228552
6.468826
1.708446
17.947372
10.185551
7.422465
12.657711
17.891224
9.122927
12.352726
17.580515
17.806170
18.029555
22.250521
17.468901
18.684516
26.898507
12.112600
21.326712
17.540747
26.754599
26.968375
27.184089
23.400382
31.615045
27.827794
33.038745
23.247998
24.455638
28.661734
30.866341
26.069496
27.271226
19.471537
21.670136
23.866180
25.059681
21.250638
16.439220
18.625934
13.810765
17.993679
13.174631
12.354064
11.535433
11.718793
7.904190
11.091659
10.281227
9.472908
1.666708
4.862621
4.060632
6.258253
6.453459
-0.354653
1.834612
-3.978433
12.206500
0.389678
3.571346
2.751725
0.931019
9.109406
-12.712950
3.464091
0.640651
5.816834
9.992724
0.168388
5.343873
4.519210
-1.305589
0.869471
4.044366
8.219057
0.393486
-2.432421
0.741244
0.914371
8.086836
11.258494
3.429186
0.598734
1.766943
8.933600
2.098477
3.261327
4.421883
7.579863
6.734966
-1.113128
1.035243
2.180418
0.322505
13.461335
2.596726
2.728478
5.856381
1.980205
4.099181
-3.791084
6.310636
-1.595626
0.490145
3.565720
2.633541
-6.306451
6.745668
-1.210200
-4.174172
-8.146385
0.873006
3.883826
-5.114120
-7.120498
0.877154
0.878710
4.884079
-4.106804
-2.094162
-3.080759
1.933562
-1.051047
0.965567
-7.016450
-2.996960
-2.975830
-2.952938
-3.928169
2.098579
6.127402
3.158381
-4.808411
-6.772912
-7.735074
-7.692695
-2.645284
-5.592723
0.465098
-6.471722
-2.403098
-9.328952
-2.249220
-2.163845
-2.072786
0.030797
-1.860863
-2.747769
1.370070
-2.507368
-0.380111
4.751800
3.888319
5.029386
-1.825063
11.324893
0.479170
-4.362326
6.800299
4.966933
3.137452
-6.688275
0.488972
-3.332788
1.846325
1.006121
2.166721
-0.671911
-0.509812
-1.347017
1.816439
1.980520
-3.854811
3.310412
1.476152
-7.357627
-5.190960
-4.023882
-7.856431
-4.688641
3.479451
-0.352190
0.816401
-1.014813
-5.845868
-11.676799
-4.507642
-3.338432
1.830793
0.000000
-7.830849
3.338212
0.507146
6.675917
-6.155509
-2.987170
0.180900
-3.651336
0.516087
4.683133
2.849766
7.015950
-4.818350
-2.653170
-2.488546
4.675486
2.838890
-5.998368
3.163674
-0.675018
6.485519
4.645249
0.804138
7.962148
4.119245
3.275393
-0.569445
0.584696
-0.262219
5.889772
-4.959364
3.190335
-8.661165
-0.513901
3.632091
5.776776
4.920119
2.062082
-4.797369
2.341730
-2.520658
6.615433
3.749966
3.882906
3.014216
4.143862
2.271807
-5.601985
-1.477549
-5.354921
-3.234137
6.884767
-2.998243
-2.883205
-10.770154
-1.659126
-5.550156
-5.443281
5.661465
9.764045
3.864423
-1.037436
-4.941568
4.151990
6.243205
-3.667962
0.418456
5.502421
-1.416101
-0.337147
-5.260752
-4.186953
0.884216
-6.047282
-5.981482
