2.164467
3.501454
11.834012
18.162170
5.485954
3.805390
10.120506
9.431329
3.737885
15.040200
18.338303
17.632219
9.921976
12.207601
9.489119
3.766559
15.039946
13.309309
4.574672
0.836064
13.093511
1.347041
3.596679
7.842452
10.084388
2.322514
8.556855
1.787440
6.014294
2.237445
11.456919
4.672744
4.884946
-6.906449
-1.701412
3.500082
10.698060
-2.107450
6.083578
-1.728830
-1.544646
5.636157
-6.186395
-5.012274
4.158545
5.326091
-4.509611
4.651466
2.809350
-0.035933
4.115644
-2.735892
10.409485
-0.448197
3.691088
19.827367
4.960668
11.091016
10.218438
7.342962
14.464615
14.583422
17.699411
12.812609
8.923043
17.030739
9.135724
18.238026
12.337670
14.434684
18.529094
18.620928
19.710212
33.796973
24.881238
26.963034
33.042387
34.119324
38.193872
35.266059
29.335910
24.403453
31.468714
26.531721
22.592500
25.651078
30.707481
26.761737
22.813873
23.863915
26.911889
23.957824
19.001746
13.043681
21.083656
10.121699
10.157835
13.192093
4.224498
4.255078
17.283859
6.292729
3.300146
5.306319
5.311446
9.315168
12.317189
5.317747
5.317066
-2.684640
-8.687171
2.309664
0.306045
5.302138
0.298101
0.294078
5.290204
6.286603
-3.716614
11.280656
-2.721497
5.280732
-1.715503
0.289858
5.296860
1.305539
5.315914
2.327998
-1.658214
0.357265
6.373926
-1.609122
7.408124
9.425784
10.444886
2.465449
1.487480
2.510976
2.535920
12.561272
13.585795
10.609535
8.632526
13.654788
5.676327
12.697132
9.717182
15.736440
10.754855
8.772361
10.788880
12.804316
12.818563
23.831498
22.842984
24.852869
21.860986
26.867156
23.871181
23.872850
24.871937
10.868456
24.860061
23.844978
2.823193
18.794671
15.759598
17.717909
24.669523
8.614335
14.552224
17.483046
16.406640
9.324565
16.244021
9.165128
13.087995
15.012729
13.939427
16.868178
7.798773
-6.268716
-2.334213
9.602353
8.541042
5.481906
-0.573350
-0.624461
-0.671332
5.286129
-0.752000
6.214355
-1.815030
9.158665
2.135546
7.115712
1.099247
0.086228
3.076719
2.070776
1.068442
3.069751
5.074725
1.083377
9.095708
4.111710
4.131362
-3.845981
3.179100
-0.793398
12.236511
6.268803
6.303441
8.335886
4.366217
-5.605448
3.420996
0.445638
5.468546
10.489777
-4.490632
5.527339
9.543696
-7.441574
3.570269
10.578497
7.582409
-1.417950
-4.422550
-5.431385
4.555531
2.538167
1.516467
2.490358
3.459742
1.424504
8.384502
-2.660424
0.289541
-0.765811
8.173289
-5.890664
10.042721
2.973369
5.901190
0.826077
-1.252093
-0.333459
-1.418176
-3.506415
5.398679
4.292344
6.174842
7.048854
-3.080802
1.786291
-2.349415
3.512506
4.372457
0.230821
0.087955
-2.055802
4.799867
-0.344743
-1.489354
-3.633709
1.222431
2.079286
-3.062943
4.795927
7.656064
-6.482386
-3.620093
-2.756933
-0.892754
-2.027425
-8.160830
-3.292873
-1.423476
3.447420
1.321379
-1.801124
2.079999
8.964820
6.853392
-4.254246
3.641928
0.541919
-7.554284
-1.646707
-0.735394
0.179596
4.098187
3.020287
-3.054962
3.871106
0.798461
2.727053
1.656809
8.587639
1.519430
3.453446
1.392743
17.337381
1.286148
12.238384
5.194776
18.155972
14.122095
15.093253
1.069539
3.051038
6.037816
0.029933
10.027429
13.030338
11.038675
14.052447
13.071646
13.096250
9.126227
10.161531
4.203054
-4.749072
7.305114
6.365560
4.432204
3.497710
6.561677
-2.375507
0.686517
11.748069
-1.190557
13.870451
-5.069738
3.989218
10.047621
12.105740
15.163806
6.222019
18.281610
11.344079
21.409666
21.478582
21.551013
13.627123
11.707049
12.790907
23.878788
20.970762
33.066875
32.167153
33.271599
31.380195
52.492900
52.609654
53.730375
76.854960
85.983283
104.115200
129.250545
155.388802
194.529282
216.673249
227.824159
226.982000
206.146751
178.318374
143.496817
112.682015
73.873889
63.072846
47.279710
31.494420
16.716477
9.944515
-0.821476
9.418475
-0.335673
3.916019
0.173478
2.436613
4.705319
-5.020527
3.258938
2.543563
-0.166823
-7.872402
17.426624
10.730040
6.037613
2.349095
-4.335779
-8.016989
-0.693507
2.634448
-5.033358
-3.697172
5.642745
-5.013884
9.332652
1.682049
7.033988
1.388137
9.744148
-0.898341
4.460291
11.819653
11.179337
-4.461082
4.897957
0.255999
2.609528
9.957560
7.302792
9.644415
5.982393
6.316680
15.647213
8.973918
15.296706
20.615778
15.931050
30.242405
25.549716
35.854133
37.155690
46.454284
44.749801
48.042113
35.331083
31.616562
38.898388
26.176387
28.445116
20.703702
25.952134
17.187733
14.410807
12.621623
10.820415
17.007385
25.182700
14.346498
15.498606
14.638164
5.765331
7.880229
14.983589
4.076087
12.157798
7.231876
7.303439
10.372764
10.440117
7.505745
1.569880
5.632736
9.694514
4.755398
6.815556
4.875140
5.934289
-0.006875
-3.948245
-1.889726
1.169411
1.229947
1.291815
-5.644880
2.419950
-8.513616
3.554481
-1.374863
-1.302473
-3.228594
4.846891
-3.075918
4.003063
2.083907
2.166669
-1.748607
0.338108
2.426828
-2.482447
-8.389730
3.704953
5.801561
6.899920
-0.001024
8.098708
6.199082
-1.699954
6.401535
5.503467
6.606636
10.712340
0.820552
6.931232
7.044326
2.159770
-0.722514
14.397384
15.519361
12.643302
7.769080
8.896453
3.025139
4.154984
6.285820
7.417466
6.549728
0.682403
5.815270
10.948100
13.080648
11.212659
16.343863
17.473977
19.602707
16.729744
19.854768
21.977443
28.097422
22.211264
28.318230
14.418067
17.510506
30.602886
27.695990
35.789807
24.882799
28.970376
22.050997
21.125570
19.195391
21.257974
16.314026
19.364203
24.409118
21.449346
21.485420
15.517843
29.547083
20.573576
25.599047
16.624709
15.650998
23.678329
19.707089
15.737646
16.770238
19.805067
11.842443
13.882656
12.925977
16.972657
11.022928
14.077004
2.135078
3.197330
9.263919
15.334986
11.410658
13.491044
7.575380
15.662991
4.754037
0.848417
4.945640
7.045844
2.149150
12.255659
3.365452
-5.521407
-5.404427
-1.282199
-0.154627
6.978364
1.116836
-8.739164
-2.591287
-4.439753
0.715563
-2.125235
3.037939
-5.794851
-1.623556
5.551851
0.731380
-9.084978
-2.897251
-8.705484
-3.509742
-5.310105
-5.106675
-6.899570
-6.688925
-7.474895
-8.257653
-6.037389
3.185687
-5.588312
-1.359587
-0.128390
5.105014
2.339249
3.571307
-1.199452
1.026767
-0.750134
10.469712
1.686144
4.902169
1.118403
1.334840
8.551455
5.768201
6.985011
3.201798
7.418455
11.634856
10.850854
16.066283
6.280958
6.494674
2.707207
8.918313
7.127728
11.335172
12.540340
14.742911
10.942542
19.138872
12.331518
16.525604
16.721966
15.920601
20.124285
18.332914
12.546379
17.764563
14.987346
16.214597
12.446180
18.682244
27.923652
22.170258
24.421911
22.678453
24.939720
31.205540
24.475734
26.750117
20.028493
23.312383
29.602493
30.898710
36.200917
22.508987
18.822787
24.142178
12.467013
25.794459
23.124818
11.458020
7.793986
1.132628
4.473855
3.817565
11.163651
3.511999
3.862492
1.215003
0.569403
0.917423
4.255574
-1.415540
-0.095358
-4.783362
-1.479072
-1.182044
2.108131
-1.608169
-3.330598
-4.058838
10.207398
0.468373
-5.275677
0.975581
2.223382
0.467940
5.709445
0.948067
8.183953
2.417231
4.646800
3.872365
4.094121
3.312235
-1.473152
-1.261922
6.946021
-5.849252
0.352307
7.550725
3.746007
4.938136
-0.872845
3.313192
11.496177
-2.323980
3.852612
4.025821
3.195496
0.361466
5.523538
0.681500
2.835118
3.984140
3.128291
9.267276
0.400777
15.528456
-0.350045
-2.231873
-1.116727
-4.004800
4.103699
3.208546
0.309506
4.406325
-7.499666
-1.403947
10.693387
4.792237
-9.107214
-3.002022
3.107684
0.221777
3.340133
6.462629
8.589142
10.719545
13.853355
6.986867
5.119784
9.252279
9.382913
7.511748
10.638898
14.764462
16.888529
11.011174
14.132462
5.252442
9.371155
15.488626
13.604869
14.719885
15.833665
16.946184
24.057407
16.167285
25.273720
12.375709
13.473900
16.569165
22.661588
26.750094
17.834832
23.915932
24.993503
18.067795
24.140888
22.212930
27.284047
24.354353
29.423942
28.492895
25.561276
26.629130
30.698258
35.769099
32.841732
24.916224
32.992627
35.070982
33.151315
32.233643
32.317965
28.404270
30.492643
23.583182
24.675847
25.770587
22.867337
23.966019
18.066543
18.168808
21.272698
11.378087
16.484834
15.592787
13.701719
8.809543
4.916244
6.021996
3.128512
6.236771
2.347714
3.461521
4.578359
1.698383
7.821735
5.948407
1.078382
-4.788221
3.348703
1.489248
-0.366504
0.781517
-1.066632
3.087863
0.244982
1.404817
8.567447
-8.267062
-4.098657
0.072700
9.247032
6.423945
1.602736
1.783438
2.966066
7.150626
11.336801
4.524280
4.713053
7.903097
3.094374
2.286831
5.480400
-2.325881
-0.134214
16.055457
4.243169
4.428940
3.612765
5.794622
1.974467
-1.847762
6.327851
6.501204
2.672175
7.840621
8.006377
5.169263
7.328739
4.482435
5.630168
-2.228189
0.907209
1.034500
1.155373
9.269587
4.376872
2.476931
6.569439
1.654043
0.730361
2.797977
2.856446
-1.094710
0.943995
1.972012
6.998335
11.027242
3.058733
0.092809
6.127001
1.160697
4.194068
7.227274
8.260463
-4.706230
3.327320
-4.638775
-3.604416
1.430486
-0.533996
3.502200
-3.460875
-7.423183
-5.384702
-4.345418
0.694669
0.736816
-2.218476
-0.171203
4.878628
-1.069000
-0.014115
-1.956754
-0.897949
-5.835213
0.231480
-3.697850
-0.623192
-3.546255
2.533040
4.614761
2.698965
3.785699
5.875000
-3.033108
7.061391
5.158502
0.258217
8.360522
2.465389
-4.427219
-6.317350
4.794939
0.881993
-5.030322
4.058003
3.146981
1.236621
-0.673066
8.417932
0.509624
-1.397978
-6.304863
5.788978
-5.116442
-5.021114
-0.925027
-5.828169
0.269470
3.367900
-2.532867
-2.432821
-3.331952
4.769753
-0.127697
0.975709
7.079981
5.185132
2.291171
-0.601891
-2.494043
-0.385274
-0.275574
-3.164932
2.946664
0.059223
-0.827244
-0.712725
4.402789
2.519310
0.636849
-6.244584
-3.124978
-6.004323
-3.882607
1.240180
2.364049
2.489011
3.615076
-6.257744
-3.129440
0.000000
-1.869413
3.262330
1.395242
2.529332
-7.335388
-1.198908
-2.061217
-5.922304
0.217841
-5.640770
-1.498128
3.645780
2.790962
5.937431
2.085197
-1.765729
-3.615337
0.536384
-0.310555
1.843857
-1.000369
4.156777
-3.684694
0.475228
-2.363445
2.799297
-0.036534
-1.870929
0.296123
-7.535366
-2.365386
-3.193927
0.979024
-1.846525
-3.670562
8.506924
-0.314056
3.866508
1.048627
2.232312
-0.582427
0.604421
-1.207132
-5.017077
1.174598
5.367903
1.562849
6.759447
1.957708
-0.842359
6.359259
