12.840653
14.143250
7.441168
8.734436
14.023084
3.307142
9.586639
-2.138395
5.132070
-1.601937
19.659614
13.916752
3.169509
15.417912
2.661991
1.901777
5.137299
7.368587
2.595670
-0.181422
12.037340
5.251987
1.462547
4.669052
7.871529
11.070010
3.264523
-0.544902
3.641765
2.824554
6.003494
7.178615
-7.650054
-1.482482
6.681360
7.841501
-1.002029
-1.849200
5.300018
8.445654
-5.412263
-7.273701
8.861367
-0.007028
2.121144
2.245912
-0.632694
1.485355
-4.399911
5.711538
10.819732
8.924700
0.026471
-1.874924
4.220544
11.312905
3.402189
14.488424
7.571641
9.651870
8.729139
9.803480
12.874921
-1.056508
11.009222
9.072142
7.132281
14.189669
15.244335
18.296310
18.345621
17.392301
15.436377
27.477880
23.516839
26.553285
28.587246
40.618752
32.647834
28.674520
25.698840
30.720824
20.740502
23.757904
30.773058
29.785995
16.796744
21.805335
34.811798
13.816162
17.818457
6.818712
11.816958
15.813224
8.807539
9.799934
3.790437
10.779079
5.765889
6.750897
6.734133
-8.325078
-8.386022
4.551586
6.488016
5.423530
2.358376
7.292792
-3.772997
0.161223
-6.904346
-0.969511
0.965907
6.902078
-4.160842
4.777296
7.716626
-1.342726
-2.400646
-2.457032
-3.511790
-2.560203
6.393836
-2.649684
-3.690703
-5.729177
6.234930
-3.798361
-2.829041
-3.857907
3.114231
9.087414
2.061772
5.037417
-7.985545
-8.007028
4.973046
2.954496
2.937383
-1.078244
2.907647
0.895078
5.884054
3.874570
0.866604
3.860123
9.855079
9.851409
1.849039
10.847879
21.847827
11.848765
8.850563
8.853074
18.854991
16.854457
22.851413
23.845780
19.835499
21.820482
11.800713
25.776365
13.744835
18.709367
13.669923
18.627698
11.583414
13.537084
9.488705
12.438259
4.385710
8.331003
10.277875
7.228036
11.181591
12.138638
0.098837
3.062172
11.028727
5.998581
3.971798
-0.051567
1.928529
-1.087880
-2.100772
-2.110137
-2.115974
3.881706
8.883783
6.890962
-0.096736
2.920703
-6.056722
-4.031386
0.996534
-4.972878
1.060449
6.096575
-1.864457
-3.822615
-1.777881
5.269751
6.320271
-3.626278
0.430136
-0.510530
4.551670
-1.383333
-0.315993
-3.246964
4.823684
-2.104131
-3.030499
5.044488
2.120705
1.198014
6.276262
6.355281
-2.565109
-1.487098
-1.413561
2.655492
-8.279428
6.782246
1.843636
-3.095124
0.966087
1.027375
-5.911172
4.150525
4.212526
6.274878
0.337616
3.400757
3.464306
-7.471748
-3.407363
-7.342682
-0.278696
8.784580
5.847119
4.908878
6.969799
-3.970190
6.088824
2.146738
-2.796361
-1.739950
13.315859
3.370938
1.425145
2.478028
5.523921
3.562957
-1.404738
6.620915
4.639968
12.652446
4.658351
10.657654
-4.349695
2.636224
-3.384694
2.587420
0.552408
-4.489918
2.460228
0.402605
5.342977
-2.716348
4.224764
3.166431
8.108760
8.051180
4.992854
-2.066093
-8.125525
5.814680
-0.245370
6.694420
9.632129
-1.433282
3.498448
2.427558
10.354267
12.278770
11.201243
11.121843
12.040705
-3.042056
9.873659
-3.212072
0.700808
3.611489
10.519292
4.424291
5.327746
-7.769940
2.131312
14.031400
15.929902
9.829614
13.732015
12.637308
8.545680
23.457307
17.372348
13.290949
15.213242
22.139347
18.069369
9.003790
5.943114
8.887440
12.836850
12.791414
13.751189
4.716220
9.686538
13.662160
2.643090
15.629321
9.620832
-1.382413
2.619539
6.626627
-0.367469
2.636217
-0.361925
-2.361537
1.638535
5.639454
7.641559
6.645164
-7.349449
4.657978
9.667677
4.679855
17.694949
20.713130
27.734546
22.759325
18.787569
14.819360
17.854761
12.893236
9.934669
15.979108
10.026580
20.077090
28.130619
29.187128
26.246554
27.308815
35.373804
45.442603
56.516950
66.596844
83.682263
101.775235
113.875886
134.984238
168.099804
185.223287
193.354757
202.494192
171.641555
160.796800
124.959865
98.130673
66.309136
40.495197
37.688751
22.889710
10.098935
10.316316
-3.458269
4.775043
-6.983895
11.264753
4.520815
-4.215897
2.054415
1.331539
6.615249
-6.094697
2.201450
-4.496578
9.810940
3.123711
5.441427
-2.236233
4.090397
-0.579032
1.754830
-1.908787
-0.569976
-4.228842
-1.885507
1.459894
1.807213
2.156287
-1.493060
1.858981
5.212204
-1.433608
0.921312
3.276716
-5.369605
4.981204
0.328971
9.673510
1.014621
-4.647917
3.685664
4.015111
-2.659843
4.660959
12.977351
13.289036
5.597794
10.906304
12.214487
16.521621
25.825984
25.127539
36.426242
41.722033
39.014843
33.304589
30.591179
32.871666
36.136561
25.386777
20.623132
16.846353
18.057095
15.255945
20.443428
6.620012
8.786117
11.942112
18.088322
17.225033
7.352488
4.470893
7.580420
17.681203
2.773345
3.857305
12.933737
7.002688
7.064489
13.124935
7.184260
5.242679
3.300388
1.357562
7.414360
4.470924
-1.472625
-4.416181
5.640345
-6.302975
-8.246086
0.811051
-0.131540
-3.073853
4.984104
-9.957694
-2.899286
-6.840726
-1.782086
-0.723450
-1.664918
3.393405
3.450566
-1.493733
4.560628
0.614635
0.668304
7.723732
8.782274
9.844011
-3.090989
-1.022671
1.049011
3.124087
5.202575
11.284482
3.368954
4.455996
9.545625
5.637846
11.732648
3.830010
3.929894
-2.967748
0.137020
12.244122
11.353643
10.465986
5.581063
7.698773
10.819002
17.941626
2.066505
9.193489
4.322416
15.453013
9.585010
5.718217
13.852427
3.987425
28.123674
20.261063
11.399369
9.538357
15.677783
8.817386
10.956896
22.096029
20.234489
24.370922
14.503795
19.632116
23.755118
21.879141
32.005594
19.134489
19.265834
32.399632
27.535883
28.674580
18.810665
13.940343
22.064294
18.183254
19.297917
17.408931
34.516910
19.622428
19.726026
17.828215
16.929472
21.030249
10.131571
21.234038
15.338047
17.443968
17.552150
15.662816
10.773875
21.885834
14.999167
17.114313
10.231680
18.351647
5.474565
11.600755
9.730516
6.864118
8.001809
16.143813
11.290331
11.441540
8.597599
9.758641
1.924784
6.096119
8.272722
5.454648
5.641930
7.834586
5.032610
6.235983
-1.555339
0.658586
-2.122319
0.101847
-9.669028
6.564921
8.803543
1.046669
10.294110
-3.454341
0.801091
-2.939838
6.322609
-7.411849
-4.143515
-4.872708
-1.599770
-4.325060
-9.048959
1.231047
5.515673
1.804714
-4.902049
0.395153
1.696075
-7.999540
8.308036
6.618519
7.931612
4.247004
6.564084
10.880306
-1.804569
7.509199
-2.178663
5.131553
12.439128
17.742929
8.041758
12.332609
10.615370
6.889902
17.156041
9.413599
17.662359
14.902082
21.132502
13.353327
13.564903
15.768660
15.964392
13.151870
15.330847
12.501056
15.662207
18.813995
17.959077
12.107251
22.258345
24.412213
25.568726
12.727771
21.889240
21.053034
18.219053
16.387201
28.557378
24.729485
27.903414
19.079059
28.256302
22.435026
23.615101
25.798424
33.985930
24.177594
25.373388
38.572938
27.773634
19.974307
24.175075
20.376046
24.577317
22.778975
23.981096
13.183745
27.386975
22.590100
16.793940
20.998514
10.203830
14.409889
12.616676
5.824169
7.032334
7.241126
6.450489
4.652678
3.847372
-0.964979
6.216961
8.394597
-3.431652
5.738605
0.905733
5.070066
6.231916
-3.608433
-0.450718
2.705298
4.859831
3.013074
4.165201
9.316361
-9.533313
1.617180
5.767996
0.919248
-0.928972
-1.776587
-0.623539
1.530213
4.684692
-2.160094
5.995845
-5.847519
7.309771
-3.532344
5.626060
2.784889
4.944035
2.103373
5.262762
0.422044
-4.418955
2.739575
-3.102572
9.054381
5.210194
8.364612
-0.482639
1.668153
5.816998
3.963640
2.106703
-2.756018
2.373605
6.495423
2.609261
1.714920
10.812972
7.903789
-2.012804
1.062993
5.130402
-0.811394
-1.762586
-2.723390
-1.694045
7.331424
-2.641836
5.386325
-6.584048
0.447092
4.479786
8.511949
3.543414
8.574361
3.604956
-0.364648
-0.334311
6.696094
4.726681
3.757549
0.788889
1.820865
-4.146346
-1.110157
1.929501
4.972690
-3.980538
7.069865
7.123932
13.181691
4.243158
8.308339
4.377229
13.449816
6.527164
10.610591
19.700147
15.795694
7.897091
19.004378
15.117584
12.236453
12.360666
12.490248
13.625209
27.765554
18.910467
13.058182
18.208802
18.362416
17.519099
22.678910
25.841597
31.007173
19.175667
25.347098
23.521467
26.698765
18.878966
26.062032
25.247691
22.435041
26.622568
18.810304
13.998263
28.186440
15.374818
11.563359
13.752011
11.940704
7.129352
6.317853
7.506086
8.693916
0.881188
1.067733
-0.746637
7.438174
-2.375708
0.809280
6.992217
-5.826839
-8.647848
4.529212
-4.295656
-0.121516
5.054526
-4.767427
0.412395
-4.407074
-3.225677
-6.043273
-4.859740
-1.674971
4.511126
-1.301375
6.887585
3.078049
6.270047
-0.536411
-0.341326
-1.144715
-4.946613
-2.747065
-2.546135
-3.343901
3.859548
5.064102
-5.730358
5.475563
1.681615
3.887659
0.093537
6.299080
-5.495899
6.708399
8.910034
-5.892277
-1.698627
10.490871
3.676084
14.856859
3.033025
8.204817
-0.627098
-0.461831
-0.298213
5.863282
-0.978183
1.177327
5.329735
-1.521056
3.624843
-0.232511
0.906668
-7.957784
-0.826045
-0.698311
-7.574794
1.544279
1.658665
-2.231896
3.872320
3.968937
9.062936
11.155332
3.246356
13.336228
2.425155
5.513235
3.599667
7.684698
-0.231443
10.851455
0.933589
-2.984862
10.096266
4.177119
0.257830
-6.661485
3.419275
3.500194
-2.418656
-2.337220
2.744892
1.829355
-4.083741
1.005686
-2.902301
0.192351
0.289679
-3.610290
-6.507545
0.597912
-1.292343
3.819173
-0.067584
2.047329
2.163846
2.281888
7.401365
4.522176
2.644208
2.767339
3.891432
-0.983658
-1.858090
-2.732032
2.392852
-0.483685
3.638228
-3.241556
-0.121512
0.000000
-0.889868
0.220639
-3.668461
2.442850
-6.445410
5.666776
7.779426
-2.107442
6.006190
-2.879661
-1.764977
-0.649740
-1.533932
1.582465
0.699468
-8.182905
-4.064635
-6.945707
-3.826100
-1.705799
-2.584784
-5.463039
7.659455
0.782715
-3.093240
-1.968394
-0.842728
-2.716224
2.411134
-3.460634
-6.331511
-2.201480
8.929478
4.061380
2.194243
-1.671913
1.462928
6.598784
-7.264327
3.873613
-4.987378
-2.847283
1.293916
3.436237
-4.420302
3.724316
7.870110
-0.982904
-3.834706
-0.685280
1.465393
-0.382671
3.770548
-1.074934
2.080902
5.238073
1.396597
-0.443507
0.717776
0.880466
-2.955419
4.210137
7.377153
1.545646
-3.284365
-0.112863
3.060170
7.234751
1.410899
5.588631
4.767965
6.948918
4.131509
-3.684244
2.501675
-1.310714
-6.121395
-3.930349
-0.737560
1.456992
1.653323
2.851452
2.051397
-7.746826
-0.543198
1.662299
-2.130317
0.078970
-2.709820
-1.496671
2.718436
-4.064482
-0.845407
-3.624321
2.598794
-1.176045
-3.948819
1.280488
9.511896
3.745420
