4.584144
-6.214989
-5.014436
6.185783
-0.614350
3.585145
7.784250
0.982946
5.181213
1.379032
2.576385
-2.226748
-3.030385
-1.834546
6.360751
5.555486
6.749640
3.943195
2.136131
2.328429
-5.479930
0.711036
-1.098693
-5.909135
1.279689
-0.532238
-1.344937
2.841575
-2.972722
1.212154
1.396182
-3.420656
-0.238379
-5.057005
-2.876555
1.302954
-5.518499
-1.340932
-7.164363
-5.988813
2.185700
1.359157
2.531539
3.702827
-4.126999
0.042044
-3.790065
0.376656
-3.457813
-3.293489
1.869607
0.031457
-1.807959
1.351341
0.509338
4.666012
-0.178655
-1.024682
2.127911
7.279106
9.428883
4.577224
3.724109
1.869520
3.013437
1.155841
5.296714
10.436037
11.573790
0.709954
7.844510
4.977440
18.108724
13.238344
22.366279
16.492512
19.617023
33.739794
23.860804
17.980036
26.097470
21.213087
21.326868
25.438794
23.548846
19.657006
19.763253
18.867570
8.969936
15.070334
18.168743
15.265145
9.359522
10.451853
13.542120
5.630304
12.716386
3.800346
5.882167
3.961828
2.039311
10.071782
5.099456
5.122380
-5.857543
1.160657
-1.822668
-2.807404
-0.793449
5.219288
2.230887
-2.758582
-4.749062
-1.740505
4.267125
-2.726146
-2.720303
-2.715342
-0.709503
2.297621
-1.693922
-7.694354
4.306057
4.308328
-0.687487
-8.681468
7.325187
8.332562
-3.659270
7.349749
4.359668
-3.631029
0.376160
0.381419
1.384918
-0.613193
9.386586
11.384269
0.379992
11.373869
0.366001
2.356471
7.345346
5.332676
16.318495
8.302821
15.285654
10.266979
14.246765
21.224964
12.201512
7.176327
11.149312
19.120353
18.089319
19.056061
22.020416
15.983409
13.945190
24.905633
22.864597
21.821862
19.774950
17.725509
11.673454
21.620224
13.565780
6.510071
13.453032
19.394586
7.334640
7.273090
12.210913
10.152186
-0.903062
8.043616
5.991664
9.941191
6.892297
3.845071
2.799592
4.755927
-0.285867
-0.325743
0.636333
-3.399614
0.566429
2.534466
7.504488
-0.523524
0.450399
-3.573784
1.403876
-3.616481
3.366641
-4.646772
3.343257
-2.663304
7.333500
-3.666383
2.336981
-0.656480
4.351971
-1.638220
5.372785
-1.615069
3.398222
-2.585937
-1.566321
0.457091
2.484610
9.516502
-2.447220
-3.406554
-6.361504
6.686942
-1.262686
-5.210314
-0.155880
-0.099330
-1.040620
7.015710
1.069402
2.120660
4.169669
-4.783398
4.261615
-1.695151
-3.653568
-0.613527
-2.574932
0.462299
6.498231
0.532915
-2.433615
4.598662
0.629749
-0.340364
2.688296
0.715686
3.741748
0.766407
3.789573
-4.188861
-5.169019
0.848958
7.864914
1.878674
5.883754
11.878079
-7.138055
3.835608
-2.200720
3.753134
1.697304
11.631883
-1.443074
-6.527550
4.378435
-1.725182
0.161501
-0.956991
-7.077891
2.799056
3.674083
6.547408
3.419226
-3.710285
-0.840967
4.027323
3.894981
-3.236680
-1.367510
-2.497380
-1.626174
1.246209
-5.880148
2.994826
-0.128816
0.748966
-8.371806
8.508878
6.391011
9.274573
2.159528
5.045825
10.934628
-5.174021
5.719842
9.616167
-4.485107
-6.584055
6.318563
8.222009
5.126234
7.031172
4.936745
8.842858
13.749400
6.656248
17.566862
12.480359
11.396147
11.313152
24.230700
13.148987
15.068193
9.988482
10.910288
16.833978
12.759689
4.687546
0.617657
7.550114
12.484995
8.422366
11.362273
15.304750
11.246542
11.187845
15.127630
5.065675
10.002244
23.937572
2.871867
2.805313
3.738196
1.671956
-2.393222
4.542827
1.480244
0.419151
4.361278
5.308467
7.260924
7.218839
3.182383
3.151714
8.126972
12.108284
3.095096
17.086075
15.081442
14.081398
17.086122
14.095774
19.110495
5.130405
12.155607
12.186184
19.222200
25.263702
26.310810
26.364402
39.424510
42.491148
50.564312
72.643983
84.730123
103.822678
111.921575
143.026727
167.138344
194.257532
201.384231
197.518372
187.659847
156.808489
133.964126
93.126633
70.295872
55.471689
28.653366
24.840133
12.031680
8.227855
11.430141
2.639783
3.856862
-2.918684
-0.686926
0.552047
-5.201864
-5.949231
-5.690267
-5.426935
-8.160144
11.110099
6.383771
19.660831
9.941220
3.224861
5.511660
-1.198494
8.094270
-4.610197
9.687942
-5.011497
0.291285
0.596069
-2.097383
11.210671
7.519957
-0.168582
14.145163
8.460962
0.778570
11.096674
-0.585974
1.730419
6.045630
3.359415
1.671516
15.981655
13.289534
4.594837
-1.102769
7.196359
8.491847
10.783300
17.070300
15.352410
16.633979
19.915297
28.196198
22.476499
31.756012
41.034537
41.311862
33.587768
35.859756
33.121525
27.373215
25.614939
21.846788
26.065709
34.270662
25.462068
11.640297
6.805669
7.958459
0.098900
12.227183
20.343460
15.448025
14.541089
10.622709
8.692908
7.751678
11.805589
3.857189
-4.093293
-0.045644
1.000336
9.044826
11.087994
0.131004
9.175583
-4.778045
-0.729672
5.320896
4.373840
-6.570675
-4.512496
-7.451487
-0.387522
-8.320492
-8.250299
-1.176861
-0.100108
-6.019982
0.063559
-3.849454
-5.759004
-0.665087
0.432289
-7.466898
4.637318
2.744889
-0.144244
6.969847
-0.912924
-3.792656
-1.669458
-2.543453
0.585222
-1.283582
10.849975
-0.015449
0.118851
6.252788
0.386263
5.519157
1.652042
4.785509
11.919465
4.053802
4.188398
-5.676941
6.457577
4.591795
6.725541
10.860378
11.996926
6.135083
10.274738
7.415767
5.557552
12.699948
12.842815
6.986006
4.129360
9.272704
3.415857
5.558623
8.698429
12.834899
7.967918
15.097356
11.226513
20.355369
16.485161
20.616371
24.748529
13.879836
27.010355
24.140136
19.269220
26.397640
29.525415
17.652558
22.779067
24.901839
24.017080
23.125209
16.226612
24.321647
29.410646
21.493913
16.571726
22.644268
20.712176
24.777244
19.839745
25.901199
19.962774
21.024774
21.087485
22.151174
20.216093
22.281016
17.345014
16.408493
14.471832
16.535385
19.599480
12.664422
17.730491
2.797946
7.867025
7.937941
13.010888
14.086042
13.163554
10.243559
9.326170
10.411484
8.499577
7.590569
8.684567
5.781598
1.881673
4.984781
5.091473
7.202309
-3.683409
5.433127
-2.447996
-9.326713
2.797025
0.923242
2.051947
-2.816873
-1.683249
-0.547231
2.591111
-1.266371
-4.118773
-2.966080
-0.808296
-3.645437
-2.477534
-2.304635
-2.126798
1.055899
-1.756631
-4.564493
-6.367805
-6.166699
4.038677
-4.751837
0.461583
-4.321253
-2.100547
-0.876520
-1.649404
6.580555
3.813115
0.048006
8.284772
0.521514
-0.242133
7.993313
6.225240
3.453569
6.678308
3.899278
6.116278
14.329088
0.537465
9.741143
5.939836
9.133237
15.321013
9.503290
7.679820
5.850226
15.014111
12.171051
13.320596
13.462273
14.597966
16.733753
10.869553
12.005278
19.140825
18.279364
16.422239
11.569358
20.720625
16.875950
14.035238
10.198394
20.364838
19.534259
18.705158
18.877516
25.051061
23.226867
27.405671
29.587079
33.771161
25.957982
30.147594
26.339832
25.533308
24.728119
25.924349
25.122074
22.321360
16.522261
21.724822
17.929078
15.134298
11.341309
12.550115
5.760706
9.973066
-1.812834
8.402969
0.616427
0.824398
-0.972777
-0.774784
3.418665
2.607837
10.792973
7.974292
7.151990
5.326243
1.497204
2.665004
-5.170244
6.991192
-6.851991
-3.699613
1.448481
1.592421
-0.267691
1.869453
-1.994803
1.139698
4.273092
9.405495
2.537007
-6.332293
-1.202346
-2.073108
-8.944555
-5.816618
3.310759
-5.562447
2.563725
-3.310785
-7.186049
-1.062558
-1.940665
-6.820727
-5.702848
-0.587152
1.526222
-3.364846
-2.260506
-0.160834
-1.065927
4.024099
6.111591
2.196802
3.279704
-3.639747
-3.561610
-1.485963
-1.412899
0.655921
-0.279691
-2.219776
-3.164395
1.886370
-7.067581
-0.026369
-4.991040
4.038262
1.061416
-5.918465
0.102743
-1.874878
-3.851261
-2.826346
-3.800087
-2.772450
-0.743410
6.287044
0.318912
-1.647818
2.386831
-4.577179
5.460106
-4.501375
0.538809
-4.419382
3.623977
4.670336
-2.279044
2.775792
1.834793
3.897897
-1.034963
7.036134
4.109257
10.183312
13.257463
9.331775
10.406302
6.481082
14.556615
10.634802
12.715740
6.799512
8.886188
7.975828
11.068477
13.164171
10.262930
6.364766
12.467408
13.570578
15.675129
18.782469
23.892757
19.006140
15.122746
22.242770
21.366619
24.494398
21.626198
20.762094
19.902088
19.045377
26.192036
21.342128
24.495700
17.652787
25.813410
17.977577
20.145283
24.316509
16.490374
17.665883
13.843074
14.021967
9.202569
8.384870
-4.431158
9.754445
-0.058380
6.130133
7.319449
1.509487
-0.299846
5.891338
-0.919358
1.268710
2.455712
-7.358043
-1.170053
-3.980200
-2.788381
-2.594506
2.601495
-0.200319
2.000094
3.202762
-2.592302
-0.385100
-5.175650
-1.963981
6.249859
-1.534188
6.683801
-7.096262
0.125518
2.346986
-0.432923
2.785822
-4.996772
3.219286
-3.566036
0.647210
-4.141044
4.069109
3.277562
2.484184
-7.311172
-2.108675
3.091993
1.290897
1.489347
0.687224
0.884649
-7.918515
0.278009
-2.525301
1.671419
3.868018
3.064329
-1.739828
-0.544649
0.649655
8.842859
-4.965277
-1.775009
5.413394
-1.400355
0.784865
0.967083
3.143345
-0.687376
1.474716
2.629401
2.776437
1.915563
-4.949300
-2.814797
3.319083
-0.549396
0.578629
1.703310
-1.175218
5.943167
1.058569
3.171081
7.280777
-1.612282
-0.508124
5.593050
-0.307232
-4.208891
5.888140
-4.016084
1.078477
-0.828052
0.264826
-5.642859
0.448909
-0.459866
-1.368970
-3.276922
4.816315
-3.089233
-0.993549
-0.896849
-4.802375
2.290051
0.380593
-1.520612
2.576095
2.670799
-5.236429
-2.145532
-4.056470
-1.969217
4.116242
1.201966
-3.711881
4.374761
7.461938
3.549687
11.638031
-4.273016
3.816547
0.906710
1.997452
0.088741
2.180533
7.283539
-0.613502
-0.510585
-0.407705
-6.304857
2.797964
5.900764
6.003546
0.106318
6.209082
-4.688154
-4.585386
-4.482610
-0.379820
-4.277010
-1.174176
-4.071313
0.031585
1.134523
-1.762495
2.340537
7.443624
2.546771
-1.350017
-3.246734
2.856624
-2.039938
3.063586
-7.832799
3.270912
-2.625277
-5.521359
-1.417330
12.686815
1.791082
5.895475
0.000000
-2.895338
3.209465
1.314415
-3.580482
-2.475223
-2.369801
-2.264211
-2.158449
-4.052510
-2.946387
5.159923
2.266426
-4.626873
2.480032
-4.412855
-3.305529
-2.197985
-3.090216
-1.982219
1.126012
3.234482
7.343196
8.452160
-3.438623
-2.329146
-4.219404
-2.109393
3.000893
1.111459
5.222310
0.333451
-4.555113
3.556624
-5.331334
-2.218981
-6.106313
-1.993324
0.119991
-1.766363
5.347619
1.461942
0.576612
-4.308367
-4.192990
-3.077250
0.038856
1.155334
0.272189
-1.610574
7.507050
-0.374933
2.743481
4.862297
-1.018478
0.101159
3.221214
6.341692
4.462598
-4.416062
0.705715
-1.172063
-2.049393
-6.926270
