6.119490
1.333112
15.544696
13.754247
-1.038230
3.167269
-1.629250
7.572217
5.771675
7.969128
5.164583
9.358042
13.549513
2.738998
10.926503
14.112033
17.295592
4.477186
3.656819
5.834496
5.010222
5.184002
-8.644160
4.525742
1.693711
4.859754
1.023874
-2.813922
5.346368
3.504751
7.661231
8.815812
4.968501
2.119301
-6.731783
0.415255
-4.439581
0.703713
-2.154857
2.984714
-2.877571
7.258295
-7.607684
4.524497
5.654842
0.783357
0.910046
8.034914
4.157966
-1.720794
-1.601360
-0.483727
10.632108
-5.253848
-2.141592
-2.031118
9.077578
5.184502
3.289658
0.393051
3.494685
0.594566
3.692698
3.789087
4.883736
10.976652
0.067838
3.157299
4.245041
12.331068
9.415385
19.497997
12.578908
19.658124
19.735649
15.811488
23.885645
37.958127
27.028937
23.098080
21.165562
19.231387
24.295559
11.358084
31.418967
10.478211
13.535823
16.591807
24.646167
20.698909
6.750038
13.799558
13.847473
5.893790
8.938512
6.981645
-1.976807
11.063161
14.101554
7.138377
4.173634
6.177049
-4.820046
-0.817516
-9.815234
-2.813087
-6.810970
0.191211
1.193539
-2.803913
-1.801081
-3.797913
-6.794365
-0.790406
-7.786013
-2.781817
-2.779356
-2.778521
-7.779219
-2.781369
-7.784903
-1.796036
-1.808002
5.179253
-7.834230
9.151574
3.136676
-2.880649
-8.900894
6.078359
1.057586
3.036967
-4.983338
-4.003184
-0.022440
6.959008
7.941260
6.924400
5.908496
-7.106395
-3.120237
-0.133003
5.855316
5.844715
-1.164826
6.826658
4.819118
13.812491
4.806698
11.799985
18.791627
13.781630
14.769980
12.756644
8.741571
18.724822
23.708055
16.691349
21.674682
21.658014
17.641292
15.624443
19.606418
16.587900
15.568761
8.548860
14.528036
13.506115
6.482904
11.458193
10.431758
9.403355
-3.620594
4.360688
3.347211
5.338978
5.335983
-5.661787
4.345649
4.358261
-2.623987
2.398861
-7.573250
3.459620
-5.502599
0.540014
-1.411501
1.643340
3.704500
-4.228065
8.845596
-2.074578
-1.988653
2.100395
0.191849
-2.714258
0.382092
1.480909
-0.417810
4.685300
2.790166
-2.103222
-0.994886
-0.884860
4.226812
-5.659929
4.454850
-3.428934
-1.311372
-6.192570
-5.072643
9.048278
3.168121
-4.713553
-2.596814
0.518258
6.631567
5.743005
4.852451
-3.044367
2.052560
-0.855194
0.232598
-3.683854
6.395644
5.471268
-3.456820
-5.388474
-2.323567
1.738017
7.796375
7.851588
-3.096277
-1.047171
11.998942
5.042080
0.082246
-2.880573
-0.846405
7.184704
-3.787306
-1.762512
-0.741008
-1.722904
-1.712497
-7.711958
2.280172
-2.735591
8.240720
1.209363
1.170568
-3.875464
6.071440
1.011987
-0.053599
3.874801
0.797283
-1.286084
-1.375256
-4.470213
10.429040
6.322471
-1.787038
1.103515
-11.005676
2.885567
-2.222644
8.667859
0.557346
0.446069
-7.665742
5.222125
0.109859
3.997634
0.885603
-2.226100
0.662643
4.551930
-0.558158
-1.667557
10.223779
2.115878
7.008754
-1.097600
2.796796
3.692484
1.590293
5.490211
16.392209
4.296243
-6.797747
2.110162
4.019880
-3.068704
3.844287
7.760127
-1.321176
8.600494
0.525238
7.453139
10.384269
6.317196
14.251496
14.187281
19.124647
17.063675
17.004430
10.946963
7.891308
9.837485
15.785500
6.735342
8.686986
5.640392
6.595504
13.552252
11.511226
7.474011
3.440599
12.410974
14.385103
-1.637055
7.344444
7.329531
8.318127
2.307796
9.296553
10.284732
4.274293
2.266046
6.260205
3.256968
-1.743487
11.259005
-3.735409
5.270306
15.275725
4.281913
6.290009
22.300445
14.313580
21.329744
17.349243
7.372358
9.399344
7.430434
15.465838
12.505744
16.550317
13.599702
19.655766
26.719434
33.790898
37.870336
33.957908
49.053757
66.158009
69.270774
82.392147
102.522205
129.661011
152.808611
178.965660
202.131547
214.306272
205.489817
197.682152
162.883228
145.092984
97.311342
84.538209
44.773477
39.017023
25.268708
14.528377
3.795862
9.070978
-6.646478
2.643281
-9.059981
-3.756509
-1.446569
-1.130443
0.191574
-4.480835
-6.147999
-0.810268
11.531992
15.878397
7.228544
2.581373
-1.065327
-4.711916
-9.358778
4.996732
2.355152
4.716287
4.079926
3.445843
0.813798
0.183537
-0.445207
3.927282
-4.699295
5.674751
2.049092
5.423386
4.797273
6.170207
-0.458535
-5.089335
-3.722597
3.641263
6.001810
11.356858
6.705578
13.047572
15.382426
10.709705
12.028953
9.341427
8.648340
15.949630
23.244855
20.533779
25.816330
39.092419
42.360692
33.614932
38.855480
40.082644
24.296701
37.497900
31.686459
25.862569
15.026397
15.176973
17.314042
7.437820
12.548494
20.646385
14.731622
13.804381
18.864810
13.913027
6.953505
10.988868
14.019388
0.045316
7.066885
9.084313
11.097797
7.107519
3.115658
16.122827
7.129256
0.135158
7.140733
2.146165
10.151622
-0.842742
0.163213
-3.830389
-0.826260
-2.824341
-0.824338
-6.825982
-0.828972
-2.830997
4.168211
-2.831096
-10.828685
2.175658
-3.817869
6.190915
-2.797828
-2.783950
2.232680
2.252176
6.274637
-4.699854
-6.671229
-1.639435
-6.604435
11.433793
2.475257
5.519949
-2.432152
6.618970
-1.326412
-7.268350
9.793093
-0.142162
-1.074209
5.996846
10.070881
0.148498
0.230851
6.317888
8.409544
10.505741
2.606390
4.711390
1.820629
-0.066018
4.051312
6.172470
3.297296
2.425619
9.557253
4.692002
1.829659
5.970003
9.112802
6.257812
6.404776
5.553426
10.703254
4.853771
16.004641
12.154642
20.303490
20.450886
18.596161
16.738062
18.876298
19.013025
31.150720
26.289282
24.428600
18.568555
24.709016
19.848571
21.978731
21.099731
20.211948
17.318979
12.421587
25.519097
22.612014
15.700813
31.785940
24.869367
29.952101
20.034597
15.117286
19.200578
19.284861
18.370504
16.457852
15.547232
18.638953
20.733304
8.830556
9.930961
12.033403
9.137530
1.243695
10.352226
12.463424
12.577573
4.694929
9.815731
-2.059806
1.068514
0.200866
6.337406
13.478271
-3.376421
2.773428
3.927899
-5.912946
0.249818
2.416227
-7.413660
0.760197
2.937820
0.119214
-5.695634
-4.506755
9.685802
-5.118028
-3.918329
0.284797
-3.508769
0.700837
-5.086541
-2.871074
-4.652954
-4.432390
9.790392
-7.986876
2.237529
-2.536373
-11.308580
-3.079112
-10.848002
-3.615308
4.618899
-9.145474
0.091464
4.329584
-1.431259
-0.191231
2.047486
-3.716416
-5.482947
-0.252144
4.975927
11.201176
-0.576513
8.642716
7.858697
4.071234
-0.719892
11.485072
-1.314144
4.882161
5.073662
9.260007
12.440818
10.618439
10.793107
14.964589
8.132637
6.296978
6.457326
5.613373
10.766113
5.921747
13.080201
11.241390
18.405225
19.571603
9.740416
13.911546
20.084864
16.261398
21.441503
14.625049
11.811896
19.002402
16.196568
13.394239
28.595257
15.799453
23.006652
22.216670
23.429316
17.644573
27.862592
31.083181
26.306138
27.531254
28.758311
29.988890
25.223282
30.461338
19.702900
27.947804
21.195879
19.446947
11.700821
15.958650
13.220552
11.484834
16.749970
8.016023
-0.716951
4.551097
7.820207
-0.909748
3.360982
-1.372408
3.886967
-3.860371
1.386066
4.626739
-1.137917
-0.907498
-0.681622
1.540066
-0.242101
-0.027813
-3.816785
-2.608750
2.596535
-7.200707
-2.000273
-2.801978
-2.605661
3.588825
0.781604
-6.027216
-3.837546
-4.649315
4.537529
3.723265
2.907833
-0.908750
5.273517
-2.545384
-3.366064
-5.190306
-2.018026
-2.849165
5.316318
3.478438
0.637191
-6.207451
3.944464
0.092866
4.237663
2.378743
10.515972
2.648907
2.777148
-3.099470
-0.980897
6.132886
2.241721
-2.653646
-2.553398
5.542266
0.633498
-1.278928
-6.195189
-2.115481
2.959563
0.029169
-3.906856
-0.848722
-10.796657
-1.749589
0.298761
4.348352
-4.601721
-1.551550
-0.501636
0.549252
-4.399378
3.651963
9.703398
0.755040
3.806993
-0.140654
-3.087823
-1.034768
2.017423
10.068888
8.119746
8.170104
5.220050
-1.730340
7.318994
3.368097
4.418421
11.470720
12.525044
11.581433
11.639914
17.700501
8.763199
16.827999
12.894880
11.963809
22.034742
18.107621
19.182378
15.258932
14.337189
14.417045
13.498382
9.581090
17.667360
14.757305
23.850545
20.946551
21.045274
28.146654
26.247904
29.349060
29.448536
23.545824
29.641046
25.734308
14.825700
28.915290
20.003134
20.089269
21.173714
25.256471
19.340358
27.425561
17.512161
18.600226
15.689811
14.780956
15.873690
5.968028
15.062742
5.157762
10.253138
6.348902
14.445070
0.543747
4.646293
4.752794
-3.136670
-3.022035
-6.903244
-1.780255
-1.653035
3.478579
-1.388419
-2.253722
-4.117044
-2.978119
-6.836702
-4.692566
-0.545500
-2.395316
-2.241841
-5.084920
-3.924415
-6.760207
-2.592191
-9.420281
-4.244406
-5.064513
-2.880563
-9.692535
-5.500423
-2.304236
-3.104001
1.100241
-3.691566
-8.479497
-4.263638
-9.044095
1.179014
-6.594447
-2.364629
-1.131699
2.104160
-1.657249
3.583857
-4.172750
-7.927320
3.319886
1.568586
0.818484
-0.930735
1.320598
-6.427867
0.823503
2.073293
-7.681985
-1.442793
-3.209958
-3.983708
-3.764297
-1.552229
-2.349436
-1.154747
2.033234
-2.784100
-2.606911
-8.435378
-1.269697
-0.110125
1.042992
-6.810595
-6.671151
0.466122
-0.395274
-1.255334
1.883250
5.020531
0.156646
1.291678
3.425479
0.558162
4.689825
1.820556
-0.049570
2.079506
0.207833
-0.664553
-1.538276
-5.413399
-1.289884
-3.167706
-4.046853
-0.927328
-0.809149
-3.692346
-3.577068
-5.464678
-6.355451
2.750620
-4.146472
2.953247
8.050343
-0.846780
1.256957
1.361622
4.467274
-2.426041
-1.319136
-6.211959
2.895551
4.003448
-3.888227
0.220554
4.329809
-2.560152
-4.449072
11.663054
-2.223779
-5.109590
6.005534
-3.878503
2.238255
-2.650461
-0.539429
-1.428640
2.681915
3.792245
0.902358
6.012265
1.121973
-2.768507
7.340832
7.450000
1.559007
-4.332140
-0.223431
-0.114856
-6.006408
-5.898076
-9.789853
-8.681728
0.426307
-1.465739
0.642143
1.749962
4.857727
-0.034553
-4.926868
1.180790
4.288430
0.396061
-5.496308
-5.388667
1.718991
1.826678
-1.065600
2.042167
0.149989
2.257874
0.365832
2.473871
-1.418000
-2.309772
-2.201435
2.907020
-1.984400
-3.875684
-1.766823
6.342190
0.451367
7.560714
5.670243
-7.220040
0.889876
0.000000
-1.889660
-1.779094
4.331706
-3.557250
1.554046
2.665604
-6.222568
-0.110460
0.001937
5.114631
5.227632
-0.659051
9.454590
7.568565
9.682882
7.797551
-2.087419
-0.972019
-4.856241
-7.740075
-0.623512
0.493457
-0.389160
-6.271353
-3.153113
-8.034431
2.084701
-5.795706
4.324355
6.444894
5.565920
1.687442
-2.190531
-0.067990
3.055073
-0.821331
2.302805
-8.572508
4.552737
-5.321449
-1.195059
5.931918
-7.940511
-4.812335
-8.683547
-8.554136
-5.424095
