5.854708
8.501201
22.157431
8.823298
14.498698
5.183528
4.877688
17.581073
16.293583
12.015114
15.745564
20.484831
8.232812
19.989405
12.754507
6.528017
15.309831
6.099848
6.897965
5.704080
4.518089
-1.660108
7.169385
-11.993534
2.851033
2.702983
3.562214
5.428624
7.302110
-1.817431
-10.930100
-0.036000
-7.135233
-8.227902
4.685891
1.606043
-2.467548
-6.534984
2.403632
-3.651801
4.298612
3.254771
2.216573
5.183915
3.156695
3.134811
-6.881840
2.106640
-2.899852
7.098582
-2.898160
-0.890180
2.122418
5.139533
5.161062
10.186903
-2.783047
6.251110
-6.710728
-6.668664
2.377200
1.426761
2.479918
12.536567
0.596607
7.659934
10.726447
4.796043
2.868620
5.944075
12.022307
6.103211
5.186688
20.272633
20.360944
24.451520
18.544257
39.639053
26.735807
33.834415
22.934775
23.036785
21.140343
22.245345
16.351690
30.459275
29.567998
22.677757
21.788448
19.899971
21.012221
12.125098
16.238498
14.352319
15.466459
7.580816
0.695286
5.809768
7.924160
6.038358
10.152261
-3.858531
-4.869880
3.118540
-0.892964
5.095900
13.085407
7.075816
-5.932630
1.060297
10.054811
-7.948892
-7.950627
-3.950226
-3.947534
-7.942409
-0.934725
3.075632
2.088762
-8.895248
0.123674
-2.866082
2.148234
-9.833333
-5.810750
-0.784001
1.246916
-0.718010
13.321193
3.364482
1.411802
-4.536919
-5.481767
-13.422843
2.639738
-5.294156
-7.224671
9.848033
-1.076220
0.002377
8.083618
4.167278
10.253120
8.340887
20.430309
6.521145
13.614058
5.708794
13.805080
15.902633
5.001149
15.100314
13.199796
11.299246
10.398302
13.493781
29.584296
25.672494
22.759219
28.844398
15.927941
27.009812
22.089770
23.167715
16.242764
15.314791
18.383656
17.449203
27.511264
14.569656
14.624180
24.674624
24.720760
16.762347
17.799055
24.830348
18.855954
12.875425
17.886894
17.890705
17.891897
11.890457
10.886361
4.879576
2.870058
2.857754
13.842601
3.824609
5.803808
2.779464
11.752050
16.721567
13.688007
6.651354
11.612706
2.573748
8.534549
16.494315
9.451040
12.404866
12.355926
5.304343
7.250228
7.193680
6.133212
13.068329
2.999200
11.924245
7.844550
26.762027
6.677043
17.589953
18.501097
-1.589202
-0.680633
8.227100
12.134277
3.041167
-0.051978
-1.144918
-1.237427
4.670707
1.579683
11.489686
6.400887
-2.686556
-2.772496
11.143197
-12.940498
-4.024094
3.892576
-2.190331
-2.272674
-7.354325
2.564828
3.484887
4.405935
9.328045
-3.750704
7.164687
7.074730
6.979895
3.880620
-1.222690
8.670334
-2.439968
-2.553286
8.330660
5.212120
1.091317
6.968445
0.843674
15.717142
6.588965
8.459229
-2.672005
0.195299
-9.938850
5.921998
5.777361
6.627516
-6.527312
-3.686942
-5.851239
-9.020113
4.806481
-5.371451
4.446049
-0.741100
1.066975
-9.129894
-0.331921
-1.539366
6.248933
-7.960590
2.832236
-7.372440
10.425513
-1.773795
-1.970273
-2.163850
-1.354470
-5.542100
1.273279
-3.908335
-0.086959
-2.262568
4.564852
-0.604762
6.229016
2.066113
-7.093561
1.751929
-0.393298
-0.529198
0.344266
-2.772879
7.119387
10.021075
-3.067814
2.852712
3.782636
5.721929
2.670556
2.627251
2.592954
-0.430675
4.555676
9.551352
-7.443520
13.571177
-3.404450
6.629692
14.673686
1.727603
8.791502
2.865433
2.949432
-1.956475
4.146111
-0.745178
4.367532
-1.516330
0.603672
-0.272062
-1.143159
-2.009280
10.129889
-9.725367
-1.574791
5.581852
-3.255232
-7.086594
1.087947
7.268557
-4.544618
2.648545
4.848145
7.054259
14.266944
21.486233
19.712139
20.944654
16.183746
12.429366
17.681439
11.939873
19.204551
20.475338
15.752075
20.034582
34.322659
22.616080
38.914601
34.217951
37.525840
63.840896
68.164115
78.495395
101.834617
127.181649
154.535920
191.895661
215.261078
222.632067
220.006824
204.384975
182.766488
148.151309
104.539362
69.930551
60.324757
42.721839
21.121637
22.523969
-3.071370
-8.664604
-5.255979
-4.845597
1.567911
-6.015653
-3.596504
-6.174876
-2.751022
2.674790
-5.897729
2.531115
1.960999
0.391580
2.822497
11.253369
-3.316203
2.113364
-8.458369
2.968140
-4.607587
-1.186049
-1.767766
-12.352380
-0.938200
-4.525604
1.885012
-4.706759
8.698659
-1.899139
0.501824
10.901880
-3.699292
-8.300202
-4.900339
0.500046
-3.099308
0.301331
-0.298316
3.101468
6.500464
-2.103906
3.288094
3.672317
11.048691
4.417130
1.777536
16.129797
12.473789
32.809372
31.136396
20.454695
34.764090
32.064391
32.355392
32.631543
24.888499
28.127022
18.347786
15.551391
21.738368
17.909186
16.063950
8.203032
2.328860
-1.552761
5.558664
1.663595
13.762465
12.855678
12.943608
6.026608
-0.894999
5.179089
8.249149
4.315438
7.378189
6.436506
4.490214
-5.460387
-2.415024
7.626550
0.664557
-10.300804
4.734351
-0.228995
7.809357
-1.150406
-3.108111
-3.063599
-10.016724
-5.967354
-7.915372
-2.860674
-1.801983
-3.738477
1.329979
-10.596489
-10.517770
-7.433766
-2.344392
-7.249576
-4.149260
-6.043396
14.068049
-5.814905
-1.692250
4.436011
-5.430140
-5.290733
-1.145809
4.004577
-12.839641
11.320226
15.484032
-3.348255
2.823318
13.998691
12.177789
-5.639475
19.546794
7.736482
12.929457
11.125575
13.324678
1.526594
5.731137
2.938107
8.147291
3.358461
6.572655
10.789681
9.009335
17.231400
7.455647
17.681835
3.909710
13.139005
13.369442
14.600729
0.832562
15.064625
9.296587
17.528061
18.757774
20.987089
23.218317
28.453746
24.694245
38.939659
31.188643
27.440226
37.694355
34.947156
19.194095
27.435729
23.672571
29.903565
15.128110
31.346714
25.559849
22.767954
19.971438
29.170680
23.366031
34.557816
23.746333
27.931854
33.114631
27.294888
28.472830
19.648636
22.822402
18.992898
33.161255
24.327812
17.492880
27.656738
22.819643
13.981823
18.143481
12.304797
19.465926
12.627001
15.788131
10.949405
9.110888
19.273069
10.437358
15.603841
7.772587
14.945414
9.122778
1.302762
6.485074
9.669957
5.857633
6.048298
9.242894
7.441619
6.644638
1.852095
5.064118
-9.719187
-10.497733
2.728550
0.959714
8.195793
-0.563197
2.682743
-4.066405
2.189323
-13.550125
-1.284816
-9.014836
0.259712
-5.461288
4.821661
-8.891997
-7.602396
-8.309687
-9.014036
-0.715628
-11.414661
7.888646
2.194061
-6.498667
2.810194
5.120360
-4.568471
-7.256619
7.052665
5.358072
1.659460
5.956662
4.249483
1.537702
6.821074
4.099325
8.372157
6.639244
0.900232
6.154741
3.402403
-0.353061
17.888165
9.125878
6.359858
9.589867
18.815652
8.036941
8.253445
5.464859
17.670858
11.871103
3.065234
17.259803
16.459790
30.664984
17.875195
19.090246
28.309970
6.534207
16.763122
17.996584
24.234433
10.476513
25.722663
27.969751
17.217759
14.466662
18.716427
18.967010
26.218359
25.470413
35.723099
32.976336
20.230031
36.485247
35.742374
40.001313
28.261703
31.525732
32.793454
28.064874
24.339990
20.618791
23.901256
13.186403
10.473041
12.761218
14.050968
8.342318
3.635286
4.929878
-1.773909
-5.476088
2.823318
3.123918
-2.580564
-4.289812
8.996470
4.278552
-2.443315
4.831096
-5.898005
-2.630434
-3.366021
-9.104621
-5.846464
14.407184
5.656545
10.901811
-4.856845
1.382016
0.618706
-1.146607
-9.913776
-0.682674
-4.454821
1.766419
-1.018410
3.191183
2.395639
-12.404650
-7.209332
-3.018096
0.169329
-0.646820
-0.466342
-7.289068
-2.114860
7.056387
7.224752
-5.609718
2.552998
-2.287106
2.869937
1.024066
5.175196
-5.676783
-2.532008
-1.390640
-2.252865
1.881154
-2.987849
-0.860068
-8.735721
-2.615045
-4.498300
-4.385770
-5.276760
-3.170601
-3.067521
-2.963760
-12.854490
-7.739773
8.380327
-2.494255
-3.363589
-0.227748
-8.086814
-3.940873
-1.790017
-9.634348
-1.473975
-6.309015
-6.139593
-0.965845
3.212088
3.394052
4.579885
10.769416
-9.037465
-4.838658
3.365390
-6.428682
-1.220866
1.988831
-8.799605
5.413797
6.628996
8.845939
-0.935439
11.284786
16.506523
7.729671
8.954115
8.179731
13.404631
12.628352
18.851100
13.072804
8.293376
13.512568
6.730604
2.947578
16.163573
10.380247
16.598862
25.819567
19.042502
24.267790
28.495544
32.725863
25.958833
30.194527
22.433004
24.674314
29.918491
23.165558
27.415523
22.668385
19.922897
17.178975
30.434540
34.688253
37.940365
22.191103
18.440667
19.689235
16.936962
17.183978
8.430395
17.676299
16.921757
3.166816
21.411502
-2.344181
6.899755
10.143275
6.386325
2.631899
11.881210
9.134325
4.391298
1.652167
-1.083043
2.185680
-4.541666
1.734904
0.015361
6.299662
-0.412247
-4.120436
12.175014
-1.525992
-2.223562
1.082183
3.391110
-0.296930
-0.982095
0.335441
1.655493
-1.022139
-4.697665
3.628689
4.956685
3.286456
2.618193
0.951653
-0.714352
1.619752
-13.048008
6.278108
4.598164
12.912199
9.220227
12.522239
3.821323
9.117579
-0.588914
-1.298095
4.990078
13.275631
6.558571
4.838886
8.116550
4.391516
5.663163
1.931179
7.195504
5.456058
9.712746
6.965456
7.214059
0.458408
2.698342
-0.066625
1.163754
3.389256
-6.390353
2.824673
-0.965938
3.237529
-1.565233
0.625455
1.809253
5.985804
4.154416
6.317902
12.476385
3.629971
4.778750
9.922798
5.062173
3.196918
8.327062
7.452619
4.573586
11.690325
-3.195714
-6.084531
-5.976135
6.129450
1.232185
5.331439
3.427152
-0.480721
2.607759
-2.305769
-0.217591
2.872502
-6.035145
12.059442
3.156234
6.255202
-0.643690
1.459520
6.571695
4.687570
8.807151
2.930438
2.057427
7.186687
8.316853
-1.551956
10.580368
9.713928
1.848811
-0.014901
1.122863
2.262163
5.403052
12.545572
3.689753
7.835560
-12.017054
-2.868080
-2.712811
-2.557804
-1.403081
-1.248664
7.905425
7.059165
1.212534
4.365509
2.518070
-3.329806
-4.178141
-1.026956
5.123727
3.273886
5.423500
-6.427454
-1.278998
-2.131153
-6.983940
0.162618
-3.691501
0.453682
2.598144
1.741865
7.884822
-0.973007
2.168357
2.308892
-5.551425
-3.412614
-1.274698
2.862302
4.998364
-2.866535
3.267585
0.400701
1.532792
7.663835
-7.206191
0.922693
0.050464
-0.822900
-10.697420
-1.573118
-8.450016
2.671864
-3.207499
1.911872
11.029956
0.146731
5.262176
-4.623732
1.488986
-7.399693
1.710211
4.818675
-2.074323
7.031196
-3.864791
-4.762304
0.338634
-4.561999
0.535776
-5.368064
1.726461
6.819327
4.910514
0.000000
0.087762
-5.826220
-5.741970
-4.659508
-4.578857
-4.500038
-11.423073
-9.347984
-7.274793
-6.203521
-4.134191
-8.066823
-10.001441
-4.938065
0.123282
-3.817422
-4.760197
-4.705066
-2.652052
0.398826
-5.552456
-2.505920
3.538414
-4.419477
-5.379615
-6.342021
0.693283
-3.273725
-5.243068
-10.214765
-10.188841
-9.165315
