-2.074036
-6.619814
-2.170843
8.272899
-7.288568
3.144778
-9.427043
-5.004010
8.413900
4.826707
7.234431
5.637095
14.034720
5.427325
1.814933
8.197565
15.575242
5.947985
-3.684186
-2.321248
-1.963181
0.390037
3.738426
11.082008
1.420803
7.754833
0.084120
1.408683
3.728545
-1.956274
1.354247
5.660131
-2.038604
-5.741934
-4.449839
7.837702
0.120709
-7.600794
4.673211
-1.057252
1.207836
-3.531504
0.724751
-4.023379
2.224127
-0.532710
-0.293869
3.940672
2.170934
10.396938
-3.381296
-3.163746
4.049610
3.258792
10.463821
5.664718
10.861505
5.054203
8.242833
-0.572584
7.607972
7.784524
7.957093
14.125698
25.290363
12.451107
14.607951
13.760918
1.910028
6.055302
22.196761
12.334427
17.468320
21.598461
22.724873
19.847575
26.966590
33.081937
24.193639
27.301716
35.406190
32.507081
37.604411
24.698200
27.788471
21.875244
31.958540
27.038380
26.114786
23.187778
16.257378
23.323607
24.386486
14.446036
16.502277
10.555233
10.604922
10.651367
-1.305411
14.734609
6.771447
12.791772
1.805849
6.813775
9.815632
0.811487
3.801395
9.785397
4.766359
-3.253828
-10.275006
9.702971
2.680244
0.656942
-7.366811
-3.392073
2.581263
12.553358
6.524362
-2.505583
-0.536348
-3.558053
0.418721
4.394090
6.368159
5.341022
11.312757
7.283432
-1.746899
12.221804
8.189572
-2.843387
6.123571
3.090471
4.057323
-1.975872
0.990872
-1.042470
7.924065
2.890426
4.856551
8.821169
4.783307
11.742955
7.700090
12.654674
13.606653
19.555958
8.501289
17.442605
15.379816
15.314243
23.246016
5.175192
23.101819
28.025869
26.947301
29.866058
24.782068
18.695247
30.605495
21.512697
23.415496
22.314784
27.210994
20.102850
7.989642
20.871320
18.747818
18.619055
26.484932
9.345335
6.206314
7.069873
8.936105
7.805098
5.676937
12.551700
12.429458
0.310277
10.194980
5.084852
-2.020560
1.878460
9.782062
1.690387
-4.396432
-7.478269
3.444989
1.373450
-2.692788
1.246362
2.190980
9.141138
0.096895
-0.941696
0.025408
12.998242
1.976830
8.961188
-1.048678
-6.052769
-5.051097
0.956318
-1.030553
2.988253
-1.987312
2.042698
7.078219
6.118759
2.160875
-0.796390
-3.752976
4.291166
4.336075
-7.618226
3.428277
3.471828
-7.488014
-3.451099
1.582704
9.613510
-0.358583
3.666503
5.688831
-8.291554
5.725375
3.739323
-4.250008
5.757385
2.761485
2.762257
6.759644
5.753570
1.743940
3.730637
-5.286478
2.692438
6.663364
3.621989
12.568682
-1.496247
-6.572542
0.341750
5.248551
0.148216
7.041060
11.927366
-6.192620
1.681573
-1.449550
1.414198
-7.727027
4.126905
-1.023908
5.820607
8.660494
-6.504231
7.326422
3.152414
-0.026319
-7.209580
-2.390406
-0.568587
0.256076
-3.916234
-3.085350
-1.251120
1.586595
2.427918
-9.727041
-1.878188
-0.025442
-6.168737
-7.308021
-7.443255
-2.574414
-5.701490
-9.824483
-1.943413
1.941690
2.830781
-3.277129
-1.383251
-1.487554
-5.590311
4.309926
5.213642
1.120921
0.031826
-5.053594
-5.135309
5.786697
0.712422
-1.358153
-0.425062
-0.488357
5.451894
5.395607
10.342681
11.291843
2.241915
3.192090
11.144759
4.100124
6.058370
19.019667
3.984168
4.952012
10.923320
7.898200
12.876744
-0.140974
4.845110
8.835039
8.828844
12.827772
6.831942
10.841400
7.856177
8.876290
5.901742
6.932525
12.968614
-0.990026
12.056853
7.109279
9.162123
4.215661
-0.729605
0.326573
16.384405
1.444076
10.505747
0.569557
1.635622
6.704035
13.774865
9.848160
14.923947
24.001937
20.080918
22.162215
19.246925
19.335191
11.427132
14.522848
16.622418
15.725900
23.834611
19.948632
30.068025
28.192836
37.323090
35.458799
44.599952
61.746524
75.898473
93.055737
117.218239
141.385883
161.558559
190.736355
210.920086
230.109637
230.304875
228.507306
187.717530
140.935360
114.160705
84.393488
50.632886
45.878831
27.131238
13.390009
9.655031
3.926177
-6.796696
2.486256
4.774861
-9.931067
-8.631728
1.672661
-9.017528
-0.702059
3.618865
-0.054968
3.276211
1.612162
4.952629
1.297343
9.646057
-0.001349
-3.645179
2.714250
6.076607
4.441545
-6.195546
-2.835383
-3.478150
-0.124051
-5.773312
8.573820
11.917075
6.256159
7.590757
0.920530
5.245115
8.564125
1.877148
1.181734
6.478332
8.767701
6.049596
4.323755
-1.410107
15.847706
-2.903133
7.340978
8.580514
3.815357
15.045381
24.270444
22.490392
26.705058
26.914262
29.117812
37.309013
43.486734
35.651592
31.803863
37.943789
31.071266
25.186046
26.288311
30.378211
20.455869
13.521381
13.574813
15.620241
11.662399
10.701503
5.737759
14.771363
15.802499
12.831342
14.858051
9.882774
8.905648
5.926793
11.946759
-1.032016
-0.009337
3.014982
0.041111
3.068660
-4.902699
-6.872766
-5.841356
1.191702
-2.773436
-2.736626
0.302258
-4.658199
3.380582
-7.581093
-1.542941
-10.504702
-6.466140
0.572964
3.612805
-4.346441
-0.304619
-10.261591
-8.217240
-5.171466
-2.124190
-6.075349
2.975103
-5.972809
4.080926
0.136300
8.193289
-3.747170
-2.683843
-0.616707
-3.545449
2.530189
0.609564
8.692592
3.779289
3.869658
-1.036454
3.060923
-3.838245
2.265995
8.373580
10.484435
10.598470
6.715579
1.835646
3.958537
8.084106
10.212981
0.346336
-0.515927
7.626085
14.772253
2.922444
-1.923483
-3.765683
1.395677
3.560420
-2.271644
9.899284
6.072990
12.249251
5.427830
7.608478
5.790935
16.974931
14.160181
26.346390
24.533252
18.718623
23.901958
23.083003
22.261871
20.443662
24.628301
20.815707
21.996223
13.167273
24.329575
20.483789
13.630525
17.770345
14.903764
20.031262
14.153275
24.270209
16.383946
23.497296
23.610708
26.724605
15.839384
18.955419
14.073060
18.192634
16.314447
14.438783
19.565907
11.696061
14.829471
13.966341
13.106859
7.251191
6.399488
8.551883
8.708491
5.869410
5.033918
9.202088
4.374024
3.549808
-7.270493
8.913167
5.100818
2.292473
0.488125
-5.312248
11.891315
9.099521
-7.687664
7.529708
7.751568
4.977834
5.208406
2.443171
-0.318004
-0.075264
-3.828771
0.421298
3.674748
-0.068628
-4.809419
-2.548050
5.715244
3.979281
-2.757967
-0.496719
-5.237250
-1.979730
-7.724351
-10.471327
-7.220894
-5.973309
-9.728851
-6.483356
-6.236345
-9.987881
0.261534
-5.488737
6.761256
0.011448
7.261758
5.511967
-3.238212
7.011107
9.259933
3.508153
13.755617
4.002158
9.247597
9.490324
3.730145
10.966910
8.200456
12.430601
15.657145
8.879873
5.098551
14.312930
8.522742
14.727703
5.927509
14.121842
7.310364
17.499540
10.690968
9.884166
17.078941
16.275213
10.472898
19.671904
13.869671
27.066214
14.261538
14.455636
16.648488
21.840066
17.030328
15.219219
25.406676
17.592623
30.776970
27.959618
31.140456
30.318934
31.494344
37.666576
32.837618
27.007826
36.176354
33.342335
18.505785
25.667283
18.827377
31.986086
31.143418
28.299369
13.453926
16.607063
10.757909
11.908919
9.061791
3.216550
11.373213
10.531789
3.692281
4.854683
13.018980
5.185150
7.353288
-5.486185
4.667383
-8.185374
0.956135
9.092461
-3.775885
-2.648424
-2.524712
-9.404337
-1.286914
-0.172091
-3.059540
-4.948959
-1.840075
-0.732635
-6.625735
1.480975
2.587710
-2.305335
-3.197986
2.909910
-5.981512
1.127862
-6.761871
-0.650636
-3.538373
-2.425042
-8.310620
-2.195103
-4.078505
-8.960855
-2.842202
1.277389
-1.602166
-4.480965
-3.359126
-3.236784
-8.114089
-8.991210
0.131666
2.254337
2.376582
-2.501838
-2.381179
-3.261713
-0.143733
-2.027550
-2.913490
-1.803968
-3.699266
-8.599663
-0.505460
-1.416981
-4.334573
-1.258609
-3.189483
3.871961
-5.075270
-4.022081
-4.966070
2.092820
-3.845359
3.219447
-4.712708
-0.641775
-2.567705
-1.490457
-6.409993
2.673717
-3.242579
-7.158671
1.925641
0.010540
2.096199
5.182772
-3.729615
0.358008
-6.554166
4.534040
1.622785
-2.287791
-2.197562
2.893580
0.985726
6.078951
13.173316
14.268862
2.365619
7.464443
14.565403
12.668511
9.775666
18.887232
14.003149
2.122929
11.246635
17.374314
9.506005
12.641728
9.781493
22.925297
18.073124
23.224944
17.380715
18.540381
23.703875
22.871115
23.039664
25.208601
27.377985
26.547857
23.718241
24.889140
25.060090
34.230585
27.401596
28.575044
18.751016
28.929584
19.110804
20.294720
27.481361
20.670742
13.862863
17.057712
8.255260
8.455467
2.658277
3.864067
5.073370
4.286137
1.502303
0.721793
14.944517
-0.829626
1.399085
-0.372203
1.854537
2.079437
-5.697397
4.524122
-9.254458
-10.032960
-0.811293
-5.589379
-0.367165
-2.144610
0.078303
-5.698423
-5.474803
-5.250872
-0.026680
5.198082
0.423552
-0.350347
-2.123710
0.103353
1.330798
-0.441388
-7.213359
-6.985283
-4.757346
-0.527165
-5.294828
-6.060440
0.175884
3.414014
-6.346193
0.895108
6.137747
4.381543
-0.373700
-0.128190
7.117980
-3.635230
-4.387607
8.861069
2.110583
7.359850
3.607388
-2.149201
4.090018
3.324964
-2.444462
1.781010
-2.998905
4.215677
0.423386
0.623860
-2.184531
-5.000133
-0.823076
-5.653509
3.508396
3.662451
-5.191555
2.946148
-2.924277
-0.802963
-2.690178
-7.586003
6.519797
6.627258
0.736387
0.847191
3.959675
1.073841
-0.810316
3.304281
0.416665
10.527046
0.635619
2.742564
7.848049
1.952224
3.055228
-1.842640
0.258748
0.359493
1.459685
0.560245
-4.337837
1.765556
-4.129469
1.977177
-4.914425
-7.804209
-2.692123
0.421875
-0.462187
-0.333613
4.796003
-2.073366
-2.941754
3.190792
0.324214
2.458444
5.593403
3.729003
3.865142
0.000000
3.133540
5.265713
-3.603545
2.525692
1.653335
4.779283
1.903421
2.025623
-5.852080
7.249952
2.351354
-0.547856
4.552342
-4.348033
6.751039
3.849576
4.947598
3.045125
0.142175
0.238768
-1.665078
-0.569341
-9.474004
1.620952
2.715548
-0.190197
-2.096265
-4.002635
2.090710
-0.816208
4.276628
-2.630761
-1.538357
3.553859
2.645908
-3.262192
4.829579
-4.078761
0.012809
1.104307
0.195753
3.287166
2.378566
3.469971
3.561400
6.652874
4.744412
-2.163968
-1.072246
-5.980403
5.111581
-4.796275
0.296048
-2.611431
-0.518691
12.574285
-0.332483
5.761025
-2.145173
0.948944
-0.956605
-6.861803
1.233372
-4.671062
-2.575085
1.521322
-0.381823
-1.284499
4.813313
3.911631
3.010476
-1.890134
-4.790179
-0.689640
-2.588497
0.513268
1.615675
0.718743
7.822492
3.926941
-1.967892
5.138014
-2.755322
-1.647882
2.460355
-6.430593
-4.320706
-6.209965
-4.098351
-3.985844
1.127575
-5.758075
-8.642775
-1.526505
-5.409246
-0.290979
6.828316
-0.051342
1.070066
-3.807440
0.316158
-0.559120
-1.433255
-2.306227
-3.178017
-3.048606
-6.917975
-2.786104
-2.652974
